,ACC.NS,ADANIPORTS.NS,AMBUJACEM.NS,ASIANPAINT.NS,AXISBANK.NS,BAJAJ-AUTO.NS,BANKBARODA.NS,BHARTIARTL.NS,BHEL.NS,BOSCHLTD.NS,BPCL.NS,CIPLA.NS,COALINDIA.NS,DRREDDY.NS,GAIL.NS,GRASIM.NS,HCLTECH.NS,HDFCBANK.NS,HEROMOTOCO.NS,HINDALCO.NS,HINDUNILVR.NS,ICICIBANK.NS,INDUSINDBK.NS,INFY.NS,ITC.NS,KOTAKBANK.NS,LT.NS,LUPIN.NS,M&M.NS,MARUTI.NS,NTPC.NS,ONGC.NS,PNB.NS,POWERGRID.NS,RELIANCE.NS,SBIN.NS,SUNPHARMA.NS,TATAPOWER.NS,TATASTEEL.NS,TCS.NS,TECHM.NS,ULTRACEMCO.NS,VEDL.NS,WIPRO.NS,ZEEL.NS
ACC.NS,0.0002633022455704439,0.00011558294450626835,0.00021979848792777604,8.943933993508093e-05,0.00011155882697338069,7.645031355218647e-05,0.00014324079938644725,7.309995704042597e-05,0.00014082645594311894,8.306923050750698e-05,9.600655776991033e-05,6.382202673595348e-05,6.553279617504435e-05,5.291514480840483e-05,8.297566178864896e-05,0.00014549461162961273,2.3483962311773838e-05,6.361953062655198e-05,9.139868251375895e-05,0.00014006744182938204,5.467535059855143e-05,0.00011781637561870786,0.00010517210597870428,3.692272920333258e-05,5.334502466118587e-05,7.538125309905696e-05,0.00011543504947721748,6.947062297967238e-05,0.00010215131847069547,9.606429692787472e-05,5.8464260581077544e-05,7.209593747505195e-05,0.0001394257458434557,4.470131051460833e-05,6.291256618505653e-05,0.00013106811784982232,6.92756936361491e-05,0.00010926774982451562,0.00013516737080566013,2.6149174270568323e-05,3.216058662328089e-05,0.0001727508137695979,0.00014281826173876436,2.79529248806711e-05,7.97728032451195e-05
ADANIPORTS.NS,0.00011558294450626835,0.00046949149119995744,0.0001235014545352451,8.905232906771726e-05,0.00012750308043770942,9.733709902709266e-05,0.000198787732554469,9.63158673190822e-05,0.00019328123907996807,0.00011341062568035755,0.00012439410706064613,9.323049991256267e-05,7.5499303240793e-05,7.071816563867527e-05,0.00010337545885854683,0.00012575201706006018,3.216070676514161e-05,7.612490856381093e-05,9.671455563611207e-05,0.00017571617143955474,5.101470486614062e-05,0.00016344098481355638,0.00011592147549072897,3.328274177203691e-05,7.67864196463608e-05,9.530543123117041e-05,0.00013659459780862156,7.196845672032841e-05,0.00010057550820524315,0.0001061139556318403,7.662151146181852e-05,0.00011309002021191541,0.00020314274457657866,5.9133887402770744e-05,9.679522472176778e-05,0.00017103932541165148,8.816456332778988e-05,0.00016362479935904425,0.0001837040843393708,3.0503760409691075e-05,6.224843439324458e-05,0.0001329388704268001,0.00021309385840985,4.499938534674949e-05,0.00010285371939753345
AMBUJACEM.NS,0.00021979848792777604,0.0001235014545352451,0.0003013941953050107,0.00010161904629251484,0.0001247186493180891,8.295684236676041e-05,0.00015596899074133861,8.399552070455601e-05,0.00014800662440021643,9.560865088559726e-05,0.0001071708959375081,8.168459524091647e-05,6.960746435006094e-05,5.257330127498505e-05,8.69618504729521e-05,0.00015216652532561552,3.840542981907983e-05,7.389448834394399e-05,0.0001044934867307339,0.0001464129040956405,6.778290603277991e-05,0.00013616158581499082,0.00011869016574848444,4.524121871970698e-05,6.177624649636851e-05,8.961711154887458e-05,0.0001235676203003227,8.49680633722413e-05,0.00011502175844408932,0.00011126382681188305,6.576030518788731e-05,8.704713149692732e-05,0.00015483210486408826,5.362418023975314e-05,7.945715022521289e-05,0.0001497663454517496,8.494838014095359e-05,0.00012549729723813422,0.00015215148023361733,3.2072828274380425e-05,4.9529102232176805e-05,0.00018200084279184275,0.00016589789412576743,3.9600499585691006e-05,9.578353353947494e-05
ASIANPAINT.NS,8.943933993508093e-05,8.905232906771726e-05,0.00010161904629251484,0.00023204909239784557,8.414801871013063e-05,6.665406334489498e-05,8.549909937829385e-05,6.304074452538171e-05,7.351966274522366e-05,7.805425550507667e-05,9.33621010258472e-05,3.711459523670478e-05,5.237313048330266e-05,3.2192810394023534e-05,5.993492619442264e-05,8.321966178118327e-05,2.744157616572917e-05,5.252387783353131e-05,7.163768289539966e-05,7.724145924923563e-05,6.282105666552705e-05,8.080922456578271e-05,8.676111416614406e-05,2.5496426617475475e-05,4.6615783616776746e-05,7.317834734593493e-05,7.432590987527222e-05,4.274680382840389e-05,8.617621303950315e-05,9.343907073878641e-05,4.645216991656307e-05,5.088714484939536e-05,8.068873347554722e-05,2.9290711607427033e-05,6.771526806356489e-05,8.054542369865938e-05,4.32108700632241e-05,6.728408666629263e-05,9.8470786384047e-05,1.9906664089115227e-05,2.7442563631288478e-05,0.00010291446906756984,9.092618865626435e-05,2.519050156491779e-05,6.183928805113316e-05
AXISBANK.NS,0.00011155882697338069,0.00012750308043770942,0.0001247186493180891,8.414801871013063e-05,0.0003696196146065514,6.841762705854527e-05,0.00021496051335403402,6.224171674710357e-05,0.00015495135640867508,8.859359249127488e-05,0.00010570434854959782,7.882147801577411e-05,5.7659838791693016e-05,4.461160241302217e-05,8.63005815130121e-05,0.0001130476734152445,3.060837129766673e-05,7.280249831256558e-05,7.397598888446925e-05,0.0001447014161415658,4.587676805965772e-05,0.00021488303421229174,0.00012997969725173057,3.1163393513837895e-05,5.137289375141743e-05,9.41269294079337e-05,0.00014287597374736176,6.631196886088263e-05,0.00010323429378334605,0.00011303255239706163,7.689349219059901e-05,7.526631325057203e-05,0.00021687272355586516,5.537829457244101e-05,8.412790873256884e-05,0.00020319412491079307,7.048602199166724e-05,0.00011447009866740166,0.00016527542357234145,1.6579395089629746e-05,5.428684029882797e-05,0.00012360402520730484,0.0001715201119455571,2.8912913705703153e-05,8.517056579721312e-05
BAJAJ-AUTO.NS,7.645031355218647e-05,9.733709902709266e-05,8.295684236676041e-05,6.665406334489498e-05,6.841762705854527e-05,0.0002198630515205571,8.352568366360348e-05,6.017567404893051e-05,8.694308823847746e-05,7.263413949551405e-05,7.418547056465641e-05,5.270546141540374e-05,5.058336984320298e-05,5.077130581172943e-05,6.520330594324092e-05,7.9219549667541e-05,2.1005067714586914e-05,5.299136859399354e-05,0.00013352189859754685,0.0001036627249360344,4.826529202963524e-05,7.154826863160942e-05,6.930746215783317e-05,2.511033055875793e-05,4.76374045382797e-05,5.8878602289934446e-05,7.904517506035553e-05,4.1635364217953774e-05,9.513202005922832e-05,9.459261992999872e-05,4.778307753383193e-05,6.876687084582376e-05,9.05022926676278e-05,3.185325218148301e-05,6.57413307356378e-05,8.368845205796435e-05,4.700839719641367e-05,8.567663835250487e-05,9.621413398402137e-05,2.594394543016087e-05,2.4008081361753002e-05,7.808451661793629e-05,0.00010488840435873016,3.1367212658432665e-05,8.314462855684115e-05
BANKBARODA.NS,0.00014324079938644725,0.000198787732554469,0.00015596899074133861,8.549909937829385e-05,0.00021496051335403402,8.352568366360348e-05,0.0007725296976136341,0.00011824351578236053,0.0002600373423183229,0.00011319733481694092,0.00012486760298079685,0.0001045219037611189,0.00012572517252181723,7.418994467062032e-05,0.00014006068976968065,0.0001678473858642811,2.5907289003372565e-05,6.04550340148123e-05,0.00010476357479381339,0.00022487470874413536,3.503840835141589e-05,0.00028680419181785597,0.00012587171607752556,3.335190377510507e-05,7.942464399022435e-05,7.435928304778409e-05,0.00018362676902058036,8.940320896116343e-05,0.00013421988727423315,0.00014346160667471456,9.139210029607605e-05,0.00012751390890456259,0.0006017025100614905,9.054411086923743e-05,9.759055094430577e-05,0.0004535236715321827,9.857764634040984e-05,0.0001827762435248288,0.0002535579245183344,1.1468109165303178e-05,6.835332110581711e-05,0.00015729958704775463,0.0002734748338545276,2.2570751601042775e-05,0.00013516710045058852
BHARTIARTL.NS,7.309995704042597e-05,9.63158673190822e-05,8.399552070455601e-05,6.304074452538171e-05,6.224171674710357e-05,6.017567404893051e-05,0.00011824351578236053,0.0003964349321547586,9.381027082297865e-05,5.6653173249136474e-05,6.938039793675526e-05,4.834122069197443e-05,4.497680777853393e-05,2.2982385836519196e-05,5.863412895417749e-05,9.868123324809166e-05,2.9716399092571644e-05,4.284380194809218e-05,6.80362336451107e-05,0.00010429476120653367,4.018064503380003e-05,7.893018011895609e-05,4.716730267702906e-05,3.179863904043152e-05,4.992680493488633e-05,3.26364170722249e-05,7.614917510894603e-05,5.623671312818955e-05,7.430006507335066e-05,6.376559914041141e-05,5.5331366082206476e-05,5.919955597514184e-05,0.0001236993592485303,4.273744472113645e-05,7.745609210418734e-05,9.831638974095782e-05,4.145077675145299e-05,7.713719502936067e-05,9.831542281994126e-05,1.8895027346910992e-05,3.3338140455017014e-05,9.346435369872658e-05,0.00012150695797403118,1.975733722657664e-05,3.838706320359194e-05
BHEL.NS,0.00014082645594311894,0.00019328123907996807,0.00014800662440021643,7.351966274522366e-05,0.00015495135640867508,8.694308823847746e-05,0.0002600373423183229,9.381027082297865e-05,0.0005769701189925661,0.00012309729570474088,0.0001315294194620543,9.551673177845001e-05,0.00010339048645294529,5.655102696915569e-05,0.00014646114758141198,0.00014817214604578762,4.607358441506538e-05,7.420607064571028e-05,9.331611432258604e-05,0.00018928833622759445,4.505511916778638e-05,0.00016909935665856076,0.00012802880770034834,4.198900159613702e-05,7.075497585924569e-05,8.312868781325104e-05,0.00016976867455199688,0.00010161279012856811,0.00011079879075721316,0.00013162070238197034,9.824051026770759e-05,0.00014273411130832832,0.0002701411766634142,8.086521177236563e-05,8.955051812895965e-05,0.00020085025426936484,0.00010715265418248998,0.00017505514338721684,0.0002168427735783599,2.960895029481987e-05,5.986544115920934e-05,0.00013431412782259757,0.00023413012274894023,3.853480316459133e-05,0.00010861822872523182
BOSCHLTD.NS,8.306923050750698e-05,0.00011341062568035755,9.560865088559726e-05,7.805425550507667e-05,8.859359249127488e-05,7.263413949551405e-05,0.00011319733481694092,5.6653173249136474e-05,0.00012309729570474088,0.0003018921239686638,9.099637246117972e-05,5.646020381012503e-05,5.297974183493584e-05,4.550821517198131e-05,8.197664168368658e-05,8.772738051592696e-05,3.3396332351658296e-05,5.587409499272577e-05,7.74538178665332e-05,0.00010797221181219521,4.6479744508661874e-05,9.689234061169756e-05,8.468733973249655e-05,2.3474934121317142e-05,6.72821118816695e-05,7.328236429953168e-05,9.326887846481906e-05,5.024162817816577e-05,8.93346764101457e-05,9.307492019696665e-05,5.009373733413588e-05,7.51406070491041e-05,0.00011276004217042674,4.368293002379305e-05,6.004469482692179e-05,9.960063230415003e-05,6.684747069753926e-05,8.919770378467806e-05,0.00011156603207442385,3.180941134668922e-05,4.2136693017056947e-05,9.007729988935884e-05,0.0001249230171954888,3.88793742519403e-05,9.444015412706514e-05
BPCL.NS,9.600655776991033e-05,0.00012439410706064613,0.0001071708959375081,9.33621010258472e-05,0.00010570434854959782,7.418547056465641e-05,0.00012486760298079685,6.938039793675526e-05,0.0001315294194620543,9.099637246117972e-05,0.0004610419896729579,6.409465360413322e-05,8.882337413443199e-05,4.606750501190616e-05,0.00012817534510030915,9.590049435268695e-05,2.041770568693137e-05,5.9051511311340863e-05,7.958703348008468e-05,0.00010843106871740464,4.922831350510757e-05,0.00011217255698025961,0.00010301371112754046,2.676935452261919e-06,7.02815685869917e-05,7.521464789663977e-05,9.279760257514484e-05,6.488907586220006e-05,8.706086211350386e-05,9.607074945948424e-05,6.379838096846629e-05,0.00012039425235108713,0.00013082263540098362,5.147885085417162e-05,9.446001819194788e-05,0.00011775528238279594,5.1040058471377174e-05,9.742085025217924e-05,0.00011301495790883931,-2.0443610052281604e-07,2.537006750903736e-05,0.00010477540913107067,0.0001388709653397337,1.5377752779659712e-05,5.045788782010404e-05
CIPLA.NS,6.382202673595348e-05,9.323049991256267e-05,8.168459524091647e-05,3.711459523670478e-05,7.882147801577411e-05,5.270546141540374e-05,0.0001045219037611189,4.834122069197443e-05,9.551673177845001e-05,5.646020381012503e-05,6.409465360413322e-05,0.000257093807948414,5.1618512119296554e-05,8.7523265977311e-05,5.333303823092101e-05,7.602864784644459e-05,2.812763379270286e-05,4.268942036786258e-05,5.638572335095852e-05,0.00010525773085783993,4.0073750679184e-05,8.021156161402042e-05,6.961925865474573e-05,2.5472059369388213e-05,4.393579854540901e-05,5.216627547629083e-05,7.131765763989505e-05,0.00011327402057106212,6.0234220899134616e-05,5.741763342768997e-05,4.981233615783428e-05,6.772818009209755e-05,0.00011612959932877048,3.569673081375949e-05,5.349079468825983e-05,9.347297461838165e-05,0.00011801823468683063,8.879976935327807e-05,0.00010626315214591774,2.042483371145686e-05,3.964979054848691e-05,6.923149742996174e-05,0.00011903603258350893,3.1971150385166955e-05,5.608556999389855e-05
COALINDIA.NS,6.553279617504435e-05,7.5499303240793e-05,6.960746435006094e-05,5.237313048330266e-05,5.7659838791693016e-05,5.058336984320298e-05,0.00012572517252181723,4.497680777853393e-05,0.00010339048645294529,5.297974183493584e-05,8.882337413443199e-05,5.1618512119296554e-05,0.0002680167081875633,4.295267385948868e-05,6.724571060006705e-05,7.115026477797532e-05,2.454058390687268e-05,3.481862520966955e-05,5.585660408471828e-05,0.00010965678419908346,2.798294844362096e-05,6.873529475769456e-05,6.252713214995056e-05,1.8600600393911503e-05,4.221088242055911e-05,3.823796947582285e-05,6.544655468119075e-05,5.22869065641956e-05,6.875854071728271e-05,5.984278765605876e-05,6.055503079529302e-05,9.093649984264622e-05,0.0001226034304213285,4.1597569220708934e-05,6.043152426273871e-05,9.230443267223982e-05,5.816534931979825e-05,7.084431842910233e-05,0.00011194750274771559,1.920568208041717e-05,2.277077436026326e-05,6.972358025608633e-05,0.0001277126463402938,2.5530295422521953e-05,6.008598392996304e-05
DRREDDY.NS,5.291514480840483e-05,7.071816563867527e-05,5.257330127498505e-05,3.2192810394023534e-05,4.461160241302217e-05,5.077130581172943e-05,7.418994467062032e-05,2.2982385836519196e-05,5.655102696915569e-05,4.550821517198131e-05,4.606750501190616e-05,8.7523265977311e-05,4.295267385948868e-05,0.0003183866426411858,4.413533848934654e-05,5.4627848112433226e-05,1.361853613416654e-05,3.070420346867016e-05,4.6741047639934985e-05,7.354170404092263e-05,3.5580488339003575e-05,5.294185383605927e-05,4.4538690825689466e-05,2.6778848128098852e-05,2.4921940930655718e-05,3.9692865921490143e-05,4.873052124660723e-05,0.00012783043080887463,4.304571670059454e-05,2.9809440192205615e-05,2.3376459377216948e-05,4.818500095574996e-05,7.912162292621647e-05,1.6643586061726594e-05,4.809157782403205e-05,5.767135013857784e-05,0.00012548900663469353,5.916052278746518e-05,7.392513384805826e-05,1.0098960248036826e-05,3.2790836214116285e-05,4.810218212401922e-05,8.393103573398442e-05,2.7799496204002843e-05,4.409189222654704e-05
GAIL.NS,8.297566178864896e-05,0.00010337545885854683,8.69618504729521e-05,5.993492619442264e-05,8.63005815130121e-05,6.520330594324092e-05,0.00014006068976968065,5.863412895417749e-05,0.00014646114758141198,8.197664168368658e-05,0.00012817534510030915,5.333303823092101e-05,6.724571060006705e-05,4.413533848934654e-05,0.00035890111947121353,9.278849836864214e-05,2.6342895045856698e-05,3.9246449181529344e-05,5.0952650484396574e-05,0.00011601853025634954,2.9580859566812037e-05,0.00011339639391465649,7.385630475579062e-05,2.3230200298553208e-05,6.44073252947247e-05,5.5756655885449426e-05,9.824986278447292e-05,5.7836035897099705e-05,8.421652806412697e-05,6.276396700395342e-05,8.40993947923527e-05,0.00012788342049275468,0.0001508388001407183,4.9972990074586215e-05,8.368019275949651e-05,0.0001252691406771321,6.336379998522156e-05,0.00011223851450354547,0.0001347800840828946,1.7941578258464383e-05,4.216648261405248e-05,7.395398797870675e-05,0.00015068298806102454,3.132629958546318e-05,7.147579585945938e-05
GRASIM.NS,0.00014549461162961273,0.00012575201706006018,0.00015216652532561552,8.321966178118327e-05,0.0001130476734152445,7.9219549667541e-05,0.0001678473858642811,9.868123324809166e-05,0.00014817214604578762,8.772738051592696e-05,9.590049435268695e-05,7.602864784644459e-05,7.115026477797532e-05,5.4627848112433226e-05,9.278849836864214e-05,0.0003010815229659798,2.2583598247521848e-05,6.373636348553474e-05,8.851829596763288e-05,0.0001333549764456408,4.557023116596243e-05,0.00010555764626550577,0.00011089037302264716,2.1538133438086985e-05,5.4908813257350484e-05,7.189776107491043e-05,0.00011046776308781902,8.44643850118869e-05,0.00010412670221058303,0.00010652847158153091,6.511953544860547e-05,8.451856692486363e-05,0.00016611188681288797,5.3032077202561174e-05,7.064956940341951e-05,0.00013904691300364207,8.737277087815966e-05,0.00012486482192269394,0.0001549511078111527,2.2130061514982876e-05,4.1213623504780385e-05,0.00015893076117225456,0.00016285386313420652,3.179626581859969e-05,0.00010137929732981258
HCLTECH.NS,2.3483962311773838e-05,3.216070676514161e-05,3.840542981907983e-05,2.744157616572917e-05,3.060837129766673e-05,2.1005067714586914e-05,2.5907289003372565e-05,2.9716399092571644e-05,4.607358441506538e-05,3.3396332351658296e-05,2.041770568693137e-05,2.812763379270286e-05,2.454058390687268e-05,1.361853613416654e-05,2.6342895045856698e-05,2.2583598247521848e-05,0.00025936826390173076,2.2380298248717928e-05,2.9433338320556707e-05,4.0831647514380014e-05,2.5259466542999956e-05,2.549182203142132e-05,2.452180209787503e-05,0.00010654707356533563,2.5625208494442976e-05,1.6040388490636672e-05,2.3281684932926077e-05,2.755532609658677e-05,3.1482470888316933e-05,2.79155860105866e-05,2.2646378276225085e-05,3.172472191629941e-05,2.554479334638847e-05,2.533149529859025e-05,3.729583242030679e-05,2.723704430496024e-05,2.9213041881749065e-05,2.3935886042570352e-05,4.52359134500245e-05,9.410133985397341e-05,9.455723803675499e-05,2.3299532464281984e-05,4.2417590277763657e-05,7.999288583628325e-05,3.711452934154862e-05
HDFCBANK.NS,6.361953062655198e-05,7.612490856381093e-05,7.389448834394399e-05,5.252387783353131e-05,7.280249831256558e-05,5.299136859399354e-05,6.04550340148123e-05,4.284380194809218e-05,7.420607064571028e-05,5.587409499272577e-05,5.9051511311340863e-05,4.268942036786258e-05,3.481862520966955e-05,3.070420346867016e-05,3.9246449181529344e-05,6.373636348553474e-05,2.2380298248717928e-05,0.00011369374716400621,5.410202880174396e-05,7.95097392695092e-05,4.329661597158028e-05,7.082519353725568e-05,9.199896072238702e-05,1.9839308067358262e-05,4.516818997320665e-05,8.465531883727746e-05,7.5325440291974e-05,3.429894293798557e-05,6.207413579382032e-05,6.55856759633912e-05,3.517011094464145e-05,4.278795630511909e-05,6.089479697054908e-05,3.17958445032881e-05,5.386549850251456e-05,7.01868599400985e-05,3.175890817036221e-05,6.219695767322554e-05,7.758315313790683e-05,2.021303859065739e-05,2.629445733496822e-05,6.644541245879375e-05,9.097871317127913e-05,2.452342324111101e-05,3.887776096090888e-05
HEROMOTOCO.NS,9.139868251375895e-05,9.671455563611207e-05,0.0001044934867307339,7.163768289539966e-05,7.397598888446925e-05,0.00013352189859754685,0.00010476357479381339,6.80362336451107e-05,9.331611432258604e-05,7.74538178665332e-05,7.958703348008468e-05,5.638572335095852e-05,5.585660408471828e-05,4.6741047639934985e-05,5.0952650484396574e-05,8.851829596763288e-05,2.9433338320556707e-05,5.410202880174396e-05,0.0002595592723312039,0.00011265113425176162,5.590689956124483e-05,8.817244624248587e-05,9.816273117670393e-05,2.656501735492495e-05,4.747668690539337e-05,6.206150629450655e-05,8.79868671477729e-05,5.749282233550845e-05,0.00010855239505332031,0.00012111686879757883,5.2513069318598086e-05,7.05291021384602e-05,0.0001013589103321516,3.9971818668791484e-05,6.284990890684388e-05,9.535007930936937e-05,5.021261907679337e-05,7.843423142368184e-05,0.00010384342805843276,3.4047876382931484e-05,3.2321569301996086e-05,8.947604972904417e-05,0.00011310054335616998,2.9114395114476147e-05,7.726846380917682e-05
HINDALCO.NS,0.00014006744182938204,0.00017571617143955474,0.0001464129040956405,7.724145924923563e-05,0.0001447014161415658,0.0001036627249360344,0.00022487470874413536,0.00010429476120653367,0.00018928833622759445,0.00010797221181219521,0.00010843106871740464,0.00010525773085783993,0.00010965678419908346,7.354170404092263e-05,0.00011601853025634954,0.0001333549764456408,4.0831647514380014e-05,7.95097392695092e-05,0.00011265113425176162,0.0005536111614878269,5.1898111574432226e-05,0.00016783868959384293,0.00011985581825964686,5.4178119805029235e-05,7.946016458068324e-05,9.068009511758268e-05,0.00015268036023329275,8.452062693474905e-05,0.00012660773882656928,0.00011999515366254182,0.00010932114110618466,0.0001456677547958077,0.00021639643634754056,7.419153823962797e-05,0.00010548432498931394,0.00020542427252818917,8.301883250773352e-05,0.00017275514436084874,0.00033993934799438823,2.8179387096874583e-05,5.0079755267589815e-05,0.0001441618276436971,0.0004530344838596062,4.813976621396331e-05,0.00010277299523737516
HINDUNILVR.NS,5.467535059855143e-05,5.101470486614062e-05,6.778290603277991e-05,6.282105666552705e-05,4.587676805965772e-05,4.826529202963524e-05,3.503840835141589e-05,4.018064503380003e-05,4.505511916778638e-05,4.6479744508661874e-05,4.922831350510757e-05,4.0073750679184e-05,2.798294844362096e-05,3.5580488339003575e-05,2.9580859566812037e-05,4.557023116596243e-05,2.5259466542999956e-05,4.329661597158028e-05,5.590689956124483e-05,5.1898111574432226e-05,0.0001771791094033524,5.058180318290827e-05,6.142692990203236e-05,2.111869051296495e-05,4.056640247746476e-05,5.33997106128862e-05,5.2720524313387496e-05,3.363323327840029e-05,5.844546375430565e-05,6.18573435847005e-05,2.5339153734379786e-05,3.9991153996607984e-05,3.731624506906474e-05,1.968191367376177e-05,4.0259425178666704e-05,5.2782874782206597e-05,3.909085367693867e-05,4.1543832256324084e-05,5.340675707260503e-05,2.5882983597627687e-05,2.6786571298031672e-05,5.4942112606361664e-05,5.828851270546549e-05,2.234188481357548e-05,3.63904435387171e-05
ICICIBANK.NS,0.00011781637561870786,0.00016344098481355638,0.00013616158581499082,8.080922456578271e-05,0.00021488303421229174,7.154826863160942e-05,0.00028680419181785597,7.893018011895609e-05,0.00016909935665856076,9.689234061169756e-05,0.00011217255698025961,8.021156161402042e-05,6.873529475769456e-05,5.294185383605927e-05,0.00011339639391465649,0.00010555764626550577,2.549182203142132e-05,7.082519353725568e-05,8.817244624248587e-05,0.00016783868959384293,5.058180318290827e-05,0.0003899108104640584,0.0001144821235758647,2.4844909236347693e-05,7.416479905992846e-05,7.532944371148815e-05,0.0001514575805340668,7.17100583971824e-05,0.0001083385773938739,0.00011290020783352566,8.780314445784601e-05,9.837083783077998e-05,0.0002887129714136594,6.877378879402363e-05,9.148881735509069e-05,0.00028375909341363465,7.145920912219383e-05,0.00013765478765552513,0.0001871764728213432,1.8686356915180994e-05,4.966128699634674e-05,0.00014103382974844887,0.00021220396805666142,2.8771204676886055e-05,9.537731831868842e-05
INDUSINDBK.NS,0.00010517210597870428,0.00011592147549072897,0.00011869016574848444,8.676111416614406e-05,0.00012997969725173057,6.930746215783317e-05,0.00012587171607752556,4.716730267702906e-05,0.00012802880770034834,8.468733973249655e-05,0.00010301371112754046,6.961925865474573e-05,6.252713214995056e-05,4.4538690825689466e-05,7.385630475579062e-05,0.00011089037302264716,2.452180209787503e-05,9.199896072238702e-05,9.816273117670393e-05,0.00011985581825964686,6.142692990203236e-05,0.0001144821235758647,0.0003087105473927122,2.6729051539325743e-05,5.417030526916163e-05,0.00011011407750647077,0.00010992470576008092,6.032414925118761e-05,0.00010737205373170032,0.00011488299090331097,4.8308627894722834e-05,6.549332518396818e-05,0.00013093538497223017,4.798510977096785e-05,7.292338121698905e-05,0.00012440567096519187,6.309199798464216e-05,0.00010748826510905329,0.00013393339657678414,2.430956189665318e-05,4.024070456266425e-05,0.00012010497207792812,0.00014626905056409822,2.7922190860446325e-05,9.349599122026175e-05
INFY.NS,3.692272920333258e-05,3.328274177203691e-05,4.524121871970698e-05,2.5496426617475475e-05,3.1163393513837895e-05,2.511033055875793e-05,3.335190377510507e-05,3.179863904043152e-05,4.198900159613702e-05,2.3474934121317142e-05,2.676935452261919e-06,2.5472059369388213e-05,1.8600600393911503e-05,2.6778848128098852e-05,2.3230200298553208e-05,2.1538133438086985e-05,0.00010654707356533563,1.9839308067358262e-05,2.656501735492495e-05,5.4178119805029235e-05,2.111869051296495e-05,2.4844909236347693e-05,2.6729051539325743e-05,0.00024995313436864644,1.673087122412632e-05,2.6922197175581652e-05,3.2128647700623944e-05,2.4170643250463475e-05,2.2365754144456037e-05,2.300096016992334e-05,2.8738763363465675e-05,2.5175877177276153e-05,3.3855609407885686e-05,1.8373210940133723e-05,3.069113635591505e-05,3.577121757951545e-05,2.651538463227994e-05,3.6416948271688344e-05,3.780878398712723e-05,9.184228270438443e-05,0.00010408364775133625,2.7866209758529784e-05,6.258206216475482e-05,7.076995858171738e-05,5.688196480957193e-05
ITC.NS,5.334502466118587e-05,7.67864196463608e-05,6.177624649636851e-05,4.6615783616776746e-05,5.137289375141743e-05,4.76374045382797e-05,7.942464399022435e-05,4.992680493488633e-05,7.075497585924569e-05,6.72821118816695e-05,7.02815685869917e-05,4.393579854540901e-05,4.221088242055911e-05,2.4921940930655718e-05,6.44073252947247e-05,5.4908813257350484e-05,2.5625208494442976e-05,4.516818997320665e-05,4.747668690539337e-05,7.946016458068324e-05,4.056640247746476e-05,7.416479905992846e-05,5.417030526916163e-05,1.673087122412632e-05,0.00023636141531923596,4.977740458129534e-05,6.253633673220404e-05,3.709663791692599e-05,7.00386728629877e-05,5.619588799755603e-05,4.0833990388630346e-05,4.8661814412570376e-05,8.476422573141283e-05,3.729656551675053e-05,4.40617903606113e-05,7.558998780765665e-05,3.0680100885835795e-05,6.509022275405412e-05,7.844370303132626e-05,2.4208579826668798e-05,2.0651096782915218e-05,5.029695817218792e-05,9.32972737958292e-05,2.3744369530286018e-05,4.930283947026932e-05
KOTAKBANK.NS,7.538125309905696e-05,9.530543123117041e-05,8.961711154887458e-05,7.317834734593493e-05,9.41269294079337e-05,5.8878602289934446e-05,7.435928304778409e-05,3.26364170722249e-05,8.312868781325104e-05,7.328236429953168e-05,7.521464789663977e-05,5.216627547629083e-05,3.823796947582285e-05,3.9692865921490143e-05,5.5756655885449426e-05,7.189776107491043e-05,1.6040388490636672e-05,8.465531883727746e-05,6.206150629450655e-05,9.068009511758268e-05,5.33997106128862e-05,7.532944371148815e-05,0.00011011407750647077,2.6922197175581652e-05,4.977740458129534e-05,0.00020939432164104828,9.045644835983864e-05,4.572900342493815e-05,7.893279916024115e-05,7.47785818016784e-05,4.229736561734929e-05,5.633668015653354e-05,7.354302310748933e-05,3.598678431265016e-05,7.106827500547617e-05,7.827615840303161e-05,5.11246648689933e-05,7.721998905241963e-05,9.005418726307205e-05,2.1539347889348617e-05,3.1431325480018017e-05,7.719829784785792e-05,0.00010308233216999819,2.2786667568240177e-05,5.557027023696412e-05
LT.NS,0.00011543504947721748,0.00013659459780862156,0.0001235676203003227,7.432590987527222e-05,0.00014287597374736176,7.904517506035553e-05,0.00018362676902058036,7.614917510894603e-05,0.00016976867455199688,9.326887846481906e-05,9.279760257514484e-05,7.131765763989505e-05,6.544655468119075e-05,4.873052124660723e-05,9.824986278447292e-05,0.00011046776308781902,2.3281684932926077e-05,7.5325440291974e-05,8.79868671477729e-05,0.00015268036023329275,5.2720524313387496e-05,0.0001514575805340668,0.00010992470576008092,3.2128647700623944e-05,6.253633673220404e-05,9.045644835983864e-05,0.0002532422452437069,4.9791062089587315e-05,0.00010719245215429763,0.00010635492182737189,6.286798759651877e-05,9.091079596795875e-05,0.00017601669142567187,5.209896930763497e-05,7.801628536548938e-05,0.0001646917219651447,5.900772675732101e-05,0.00011819057821546556,0.00015905007999347985,3.130183048815918e-05,4.05839188831132e-05,0.00011936787626385664,0.00018865673733354138,3.283931297905872e-05,7.607339696082866e-05
LUPIN.NS,6.947062297967238e-05,7.196845672032841e-05,8.49680633722413e-05,4.274680382840389e-05,6.631196886088263e-05,4.1635364217953774e-05,8.940320896116343e-05,5.623671312818955e-05,0.00010161279012856811,5.024162817816577e-05,6.488907586220006e-05,0.00011327402057106212,5.22869065641956e-05,0.00012783043080887463,5.7836035897099705e-05,8.44643850118869e-05,2.755532609658677e-05,3.429894293798557e-05,5.749282233550845e-05,8.452062693474905e-05,3.363323327840029e-05,7.17100583971824e-05,6.032414925118761e-05,2.4170643250463475e-05,3.709663791692599e-05,4.572900342493815e-05,4.9791062089587315e-05,0.0003381642430261392,5.753284929848158e-05,4.670937446181741e-05,4.5371114028798424e-05,5.9156636623813305e-05,9.887171455268458e-05,3.373329416109066e-05,5.558855048926363e-05,7.437166573317463e-05,0.00015252796791977413,7.229571825731659e-05,9.746149072464788e-05,2.168591567733461e-05,3.2204273806640276e-05,7.170993174458778e-05,0.0001033554926562625,3.465639635066874e-05,6.710905987443985e-05
M&M.NS,0.00010215131847069547,0.00010057550820524315,0.00011502175844408932,8.617621303950315e-05,0.00010323429378334605,9.513202005922832e-05,0.00013421988727423315,7.430006507335066e-05,0.00011079879075721316,8.93346764101457e-05,8.706086211350386e-05,6.0234220899134616e-05,6.875854071728271e-05,4.304571670059454e-05,8.421652806412697e-05,0.00010412670221058303,3.1482470888316933e-05,6.207413579382032e-05,0.00010855239505332031,0.00012660773882656928,5.844546375430565e-05,0.0001083385773938739,0.00010737205373170032,2.2365754144456037e-05,7.00386728629877e-05,7.893279916024115e-05,0.00010719245215429763,5.753284929848158e-05,0.0002717101150041911,0.00011981857962330263,5.811734207916357e-05,7.5856074695526e-05,0.0001225136843875885,4.7767612388252025e-05,6.955531191375705e-05,0.00012516500284134464,5.2680809093121396e-05,0.00010797647770351731,0.0001327564148892957,2.6629960464276442e-05,3.5816972236246735e-05,0.00010717841612969137,0.00014966932948152665,3.3138167624114425e-05,8.010127024497176e-05
MARUTI.NS,9.606429692787472e-05,0.0001061139556318403,0.00011126382681188305,9.343907073878641e-05,0.00011303255239706163,9.459261992999872e-05,0.00014346160667471456,6.376559914041141e-05,0.00013162070238197034,9.307492019696665e-05,9.607074945948424e-05,5.741763342768997e-05,5.984278765605876e-05,2.9809440192205615e-05,6.276396700395342e-05,0.00010652847158153091,2.79155860105866e-05,6.55856759633912e-05,0.00012111686879757883,0.00011999515366254182,6.18573435847005e-05,0.00011290020783352566,0.00011488299090331097,2.300096016992334e-05,5.619588799755603e-05,7.47785818016784e-05,0.00010635492182737189,4.670937446181741e-05,0.00011981857962330263,0.00025516661896906624,6.226970114985472e-05,7.847218842492557e-05,0.00013623860008114583,4.7363528060835266e-05,7.523584917312221e-05,0.00012129034984514032,4.5524523700896715e-05,0.00010221973384560846,0.00013501520200541047,2.5448153725559528e-05,3.745156666341173e-05,0.00010959677347800307,0.00014034669115630888,2.8677364090820325e-05,9.904834361652312e-05
NTPC.NS,5.8464260581077544e-05,7.662151146181852e-05,6.576030518788731e-05,4.645216991656307e-05,7.689349219059901e-05,4.778307753383193e-05,9.139210029607605e-05,5.5331366082206476e-05,9.824051026770759e-05,5.009373733413588e-05,6.379838096846629e-05,4.981233615783428e-05,6.055503079529302e-05,2.3376459377216948e-05,8.40993947923527e-05,6.511953544860547e-05,2.2646378276225085e-05,3.517011094464145e-05,5.2513069318598086e-05,0.00010932114110618466,2.5339153734379786e-05,8.780314445784601e-05,4.8308627894722834e-05,2.8738763363465675e-05,4.0833990388630346e-05,4.229736561734929e-05,6.286798759651877e-05,4.5371114028798424e-05,5.811734207916357e-05,6.226970114985472e-05,0.00021607608023324225,8.669513224587557e-05,0.00010699287561962682,7.652977239624744e-05,5.185361909830078e-05,8.493749003081336e-05,4.9652246288602866e-05,9.31494827278412e-05,0.0001014234563122495,2.3498116387949135e-05,3.204409986536642e-05,6.577512932725431e-05,0.0001334401375609891,2.2872020010725967e-05,6.61477909655778e-05
ONGC.NS,7.209593747505195e-05,0.00011309002021191541,8.704713149692732e-05,5.088714484939536e-05,7.526631325057203e-05,6.876687084582376e-05,0.00012751390890456259,5.919955597514184e-05,0.00014273411130832832,7.51406070491041e-05,0.00012039425235108713,6.772818009209755e-05,9.093649984264622e-05,4.818500095574996e-05,0.00012788342049275468,8.451856692486363e-05,3.172472191629941e-05,4.278795630511909e-05,7.05291021384602e-05,0.0001456677547958077,3.9991153996607984e-05,9.837083783077998e-05,6.549332518396818e-05,2.5175877177276153e-05,4.8661814412570376e-05,5.633668015653354e-05,9.091079596795875e-05,5.9156636623813305e-05,7.5856074695526e-05,7.847218842492557e-05,8.669513224587557e-05,0.0003224547797882703,0.0001359811010808995,5.217552126420203e-05,9.14056206787497e-05,0.00011406419496827653,6.537406066029513e-05,0.00010206890423588967,0.00014986398293715384,2.2152660273927375e-05,3.0010234079795405e-05,7.744674160922328e-05,0.00019080438492781972,3.49315825490816e-05,6.745910248212005e-05
PNB.NS,0.0001394257458434557,0.00020314274457657866,0.00015483210486408826,8.068873347554722e-05,0.00021687272355586516,9.05022926676278e-05,0.0006017025100614905,0.0001236993592485303,0.0002701411766634142,0.00011276004217042674,0.00013082263540098362,0.00011612959932877048,0.0001226034304213285,7.912162292621647e-05,0.0001508388001407183,0.00016611188681288797,2.554479334638847e-05,6.089479697054908e-05,0.0001013589103321516,0.00021639643634754056,3.731624506906474e-05,0.0002887129714136594,0.00013093538497223017,3.3855609407885686e-05,8.476422573141283e-05,7.354302310748933e-05,0.00017601669142567187,9.887171455268458e-05,0.0001225136843875885,0.00013623860008114583,0.00010699287561962682,0.0001359811010808995,0.0008613926206344951,8.458673199661724e-05,0.00010265050804770829,0.00045825874726324387,0.00010858377394663448,0.00018671801479171172,0.00022852772050101192,1.2500707761592466e-05,6.260209141384176e-05,0.00015346929788563225,0.0002541040156472174,3.4552959421282266e-05,0.00013904665349889867
POWERGRID.NS,4.470131051460833e-05,5.9133887402770744e-05,5.362418023975314e-05,2.9290711607427033e-05,5.537829457244101e-05,3.185325218148301e-05,9.054411086923743e-05,4.273744472113645e-05,8.086521177236563e-05,4.368293002379305e-05,5.147885085417162e-05,3.569673081375949e-05,4.1597569220708934e-05,1.6643586061726594e-05,4.9972990074586215e-05,5.3032077202561174e-05,2.533149529859025e-05,3.17958445032881e-05,3.9971818668791484e-05,7.419153823962797e-05,1.968191367376177e-05,6.877378879402363e-05,4.798510977096785e-05,1.8373210940133723e-05,3.729656551675053e-05,3.598678431265016e-05,5.209896930763497e-05,3.373329416109066e-05,4.7767612388252025e-05,4.7363528060835266e-05,7.652977239624744e-05,5.217552126420203e-05,8.458673199661724e-05,0.00017262021354950779,4.092137132018927e-05,6.918253360042181e-05,2.65451748813835e-05,7.073604338102015e-05,7.088649692787499e-05,2.0787030816907067e-05,1.568442873349126e-05,4.690582678362801e-05,9.487166843304342e-05,2.0952155767532677e-05,5.748771315928498e-05
RELIANCE.NS,6.291256618505653e-05,9.679522472176778e-05,7.945715022521289e-05,6.771526806356489e-05,8.412790873256884e-05,6.57413307356378e-05,9.759055094430577e-05,7.745609210418734e-05,8.955051812895965e-05,6.004469482692179e-05,9.446001819194788e-05,5.349079468825983e-05,6.043152426273871e-05,4.809157782403205e-05,8.368019275949651e-05,7.064956940341951e-05,3.729583242030679e-05,5.386549850251456e-05,6.284990890684388e-05,0.00010548432498931394,4.0259425178666704e-05,9.148881735509069e-05,7.292338121698905e-05,3.069113635591505e-05,4.40617903606113e-05,7.106827500547617e-05,7.801628536548938e-05,5.558855048926363e-05,6.955531191375705e-05,7.523584917312221e-05,5.185361909830078e-05,9.14056206787497e-05,0.00010265050804770829,4.092137132018927e-05,0.0002623498855244513,9.962523666044119e-05,6.466449235304949e-05,8.621828254717959e-05,0.0001114403918230478,2.763260190793539e-05,3.687724015985431e-05,7.98860505996468e-05,0.0001309574346797553,3.261054582774643e-05,6.639047752823659e-05
SBIN.NS,0.00013106811784982232,0.00017103932541165148,0.0001497663454517496,8.054542369865938e-05,0.00020319412491079307,8.368845205796435e-05,0.0004535236715321827,9.831638974095782e-05,0.00020085025426936484,9.960063230415003e-05,0.00011775528238279594,9.347297461838165e-05,9.230443267223982e-05,5.767135013857784e-05,0.0001252691406771321,0.00013904691300364207,2.723704430496024e-05,7.01868599400985e-05,9.535007930936937e-05,0.00020542427252818917,5.2782874782206597e-05,0.00028375909341363465,0.00012440567096519187,3.577121757951545e-05,7.558998780765665e-05,7.827615840303161e-05,0.0001646917219651447,7.437166573317463e-05,0.00012516500284134464,0.00012129034984514032,8.493749003081336e-05,0.00011406419496827653,0.00045825874726324387,6.918253360042181e-05,9.962523666044119e-05,0.00047805447964712296,7.076927643011709e-05,0.0001548099180749548,0.00019315245512892428,2.1500228110930533e-05,5.509577696960528e-05,0.0001481092906041842,0.00022857346959779214,2.78952468246659e-05,0.00011618566199165194
SUNPHARMA.NS,6.92756936361491e-05,8.816456332778988e-05,8.494838014095359e-05,4.32108700632241e-05,7.048602199166724e-05,4.700839719641367e-05,9.857764634040984e-05,4.145077675145299e-05,0.00010715265418248998,6.684747069753926e-05,5.1040058471377174e-05,0.00011801823468683063,5.816534931979825e-05,0.00012548900663469353,6.336379998522156e-05,8.737277087815966e-05,2.9213041881749065e-05,3.175890817036221e-05,5.021261907679337e-05,8.301883250773352e-05,3.909085367693867e-05,7.145920912219383e-05,6.309199798464216e-05,2.651538463227994e-05,3.0680100885835795e-05,5.11246648689933e-05,5.900772675732101e-05,0.00015252796791977413,5.2680809093121396e-05,4.5524523700896715e-05,4.9652246288602866e-05,6.537406066029513e-05,0.00010858377394663448,2.65451748813835e-05,6.466449235304949e-05,7.076927643011709e-05,0.00041867588763849485,7.864446197790061e-05,0.00010583504498570202,2.326963558743532e-05,4.413986799694381e-05,6.77332708773709e-05,0.00011022709064207878,3.933667160122265e-05,7.088275896743953e-05
TATAPOWER.NS,0.00010926774982451562,0.00016362479935904425,0.00012549729723813422,6.728408666629263e-05,0.00011447009866740166,8.567663835250487e-05,0.0001827762435248288,7.713719502936067e-05,0.00017505514338721684,8.919770378467806e-05,9.742085025217924e-05,8.879976935327807e-05,7.084431842910233e-05,5.916052278746518e-05,0.00011223851450354547,0.00012486482192269394,2.3935886042570352e-05,6.219695767322554e-05,7.843423142368184e-05,0.00017275514436084874,4.1543832256324084e-05,0.00013765478765552513,0.00010748826510905329,3.6416948271688344e-05,6.509022275405412e-05,7.721998905241963e-05,0.00011819057821546556,7.229571825731659e-05,0.00010797647770351731,0.00010221973384560846,9.31494827278412e-05,0.00010206890423588967,0.00018671801479171172,7.073604338102015e-05,8.621828254717959e-05,0.0001548099180749548,7.864446197790061e-05,0.0003655466066931626,0.0001710232033512777,1.897295688836735e-05,5.363831598979187e-05,0.00010986182987065959,0.00018803242235819896,3.747181461497123e-05,8.09846721579132e-05
