,ACC.NS,ADANIPORTS.NS,AMBUJACEM.NS,ASIANPAINT.NS,AXISBANK.NS,BAJAJ-AUTO.NS,BANKBARODA.NS,BHARTIARTL.NS,BHEL.NS,BOSCHLTD.NS,BPCL.NS,CIPLA.NS,COALINDIA.NS,DRREDDY.NS,GAIL.NS,GRASIM.NS,HCLTECH.NS,HDFCBANK.NS,HEROMOTOCO.NS,HINDALCO.NS,HINDUNILVR.NS,ICICIBANK.NS,INDUSINDBK.NS,INFY.NS,ITC.NS,KOTAKBANK.NS,LT.NS,LUPIN.NS,M&M.NS,MARUTI.NS,NTPC.NS,ONGC.NS,PNB.NS,POWERGRID.NS,RELIANCE.NS,SBIN.NS,SUNPHARMA.NS,TATAPOWER.NS,TATASTEEL.NS,TCS.NS,TECHM.NS,ULTRACEMCO.NS,VEDL.NS,WIPRO.NS,ZEEL.NS
ACC.NS,0.0017578805471584816,0.0012900086724720137,0.0016186649693318577,0.0005233716392962397,0.0007990633175256998,0.0003176667826695416,0.0008884631112150607,0.00037871795394656864,0.0010573105019915637,0.0005735383684193987,0.0005805593776456728,0.0003912685954804369,0.0004448965020810172,0.00039465008390542294,0.0006583071328236126,0.0009148412279382991,0.00034536328614320766,0.00038552372296135395,0.0004572472094459551,0.0009753145203510589,0.00012006478917589727,0.0007032594383530554,0.001018790297454122,0.000250620529512628,0.0003090237652275697,0.00023980795828016475,0.0007772088098258615,0.0004945066448726908,0.0006294923642598185,0.0005029754980974399,0.0006061969960399552,0.0005102231544353976,0.0009211789322506721,0.00039543010088870174,0.000380454630627014,0.0008447356057361431,0.0004429340346221003,0.0009039135383054138,0.0008966545118723227,0.0003393498089860121,0.00031993918428287557,0.0009285427908058405,0.0008960485815088775,0.0004693335310763348,0.0005945228287932535
ADANIPORTS.NS,0.0012900086724720137,0.002868565738634045,0.0014307349619986376,0.0005342985811343907,0.0008706067763610997,0.0004079113681283938,0.0013329505548296161,0.000416268243743917,0.0015970252478631657,0.0007708559485474368,0.0009306047270617183,0.0003517935303968608,0.0009050926061451973,0.0003818628143637543,0.0010726443090658662,0.0009144808882536495,0.0005099131142728025,0.0006089817001409354,0.0005854874545274809,0.0012130581767833375,0.00011445283685093202,0.0008217377773795226,0.0015046176596674407,0.0003362136789874375,0.000340034124790755,0.0005790374436859227,0.0009115344965192813,0.0005254929311971803,0.0007038946873175251,0.0006325782580904146,0.0009126172576616644,0.0009763534267475121,0.0014250432993527617,0.0006109304354584668,0.0007180911446245926,0.001196714749760787,0.0004606510682286751,0.0014891394925810174,0.0009960407099752781,0.0004497267604997689,0.0004900249475150327,0.0007037279332013394,0.001388486253923743,0.0004977655686510706,0.0012352339036269034
AMBUJACEM.NS,0.0016186649693318577,0.0014307349619986376,0.0021130619780336804,0.0004769632656731522,0.0008318898203332136,0.0002161511246150504,0.0008236172995522281,0.0003383994488615024,0.0010539981328873836,0.0005027587149466181,0.0006252817466763451,0.000335510482539565,0.00038939918017151016,0.00033512469796950463,0.000615217384276404,0.000944485074169408,0.000362375807230945,0.0004504973197251634,0.0004100193113821395,0.0009289220715572684,0.00014253007569620682,0.0007567544716338116,0.0011241084278633474,0.00018692937594346254,0.0003008280141981413,0.00027711470134221446,0.0008013947890656754,0.0004589489202890208,0.0006601415025804982,0.0004801634667713791,0.0005779120583691312,0.0004284491791013876,0.0008361821029686242,0.0003275506015636899,0.000373961123214791,0.00091155322811188,0.0004608362683246836,0.0008873710462373173,0.0008684225918146902,0.000283854655706902,0.0003450420196060302,0.000987168133171943,0.0008704169059207539,0.0004453350561536333,0.0006460641891507454
ASIANPAINT.NS,0.0005233716392962397,0.0005342985811343907,0.0004769632656731522,0.0013088402130199167,0.00047829189285626174,0.00043088697577806155,0.0003768310519916611,0.00028301666918192133,0.0004149565386149774,0.0004402611191400579,0.0003525814177727364,0.00029041278343041964,0.0001480758417750481,0.00034112639303724384,0.00025480785719600283,0.0005434950224223324,0.0003225286646046108,0.00033671655937300325,0.00045717081948591133,0.0004601136090042264,0.0004947331653020387,0.0004430789199688291,0.0005837500060703406,0.0002503524128005021,0.0002688188848626687,0.0002977033978355108,0.0004134589503592265,0.00030420147293143553,0.0004320768992047698,0.0006355951053980255,0.0003012252661046358,0.0001936646326128552,0.0002874502142091802,0.00011254635415926831,0.0003309724330125288,0.00029962469793690674,0.0003318026922565322,0.0004239507153007775,0.00038529732610240663,0.0003762363196934772,0.00034197854874626007,0.0005674376635326036,0.0004243910812772487,0.0003647891172916731,0.0007574027583487755
AXISBANK.NS,0.0007990633175256998,0.0008706067763610997,0.0008318898203332136,0.00047829189285626174,0.002559004262696618,0.0008360020999259447,0.001406872268233616,0.0006230317766137918,0.0011876917747504403,0.0009760082746882263,0.0009688735296913858,0.0002959122402532051,0.0008189791892219351,0.00026644380049311266,0.0008973785473231799,0.0011415214356762392,0.0006003909708563508,0.00107676864330353,0.0009082274947463264,0.0015559898275958092,0.0003772868628302557,0.0017621128859988283,0.0026606795328404094,0.00041639034731078163,0.0004521547229906738,0.0008814643965963366,0.0011252639109874773,0.00026500989759508975,0.0012525119692528165,0.0012657766856606601,0.0008841226951453192,0.0008089953082169269,0.0012723438174340775,0.0005485112311607765,0.0005254811575583355,0.0015690625182054893,0.0004340717390915314,0.001176119227029117,0.001095168633670924,0.0004008016031090245,0.0005851485896044967,0.0009230377761958801,0.0014327273994124607,0.0006981708036673036,0.0012085224564275681
BAJAJ-AUTO.NS,0.0003176667826695416,0.0004079113681283938,0.0002161511246150504,0.00043088697577806155,0.0008360020999259447,0.0014871869792819972,0.0007767001420218529,0.0003917060316341719,0.00086902988051615,0.0007114149782165688,0.0004892350551808914,0.0004347343839904666,0.0003822971105012817,0.00045237061149105273,0.0005324112498737425,0.0005965080938914344,0.0004607303716184719,0.0005403034959527677,0.0010924446997732367,0.0006870932782498019,0.00036098513372205505,0.0005967611284998294,0.0009700886453486068,0.0003471891785070026,0.00042466983274055476,0.0005076131615128819,0.00047451870074582524,0.0005181516108590257,0.0008947302247707621,0.0009199264173724951,0.0004563772969311916,0.000521106659627987,0.0006927611363787744,0.00023233572203286066,0.0004159759027037292,0.0006276688984657219,0.0004706873971233995,0.0008006144494745016,0.0005512681401088798,0.0003227674618596375,0.0002934794389507581,0.0005802019494356303,0.000743606282634464,0.00042242676021192856,0.00069174959534427
BANKBARODA.NS,0.0008884631112150607,0.0013329505548296161,0.0008236172995522281,0.0003768310519916611,0.001406872268233616,0.0007767001420218529,0.0031647894667662557,0.0006239428422667567,0.0019144610595505304,0.0011570417046047159,0.0010985463291021313,7.874441162499889e-05,0.001180876109061605,0.00019901064466587668,0.0011421879889251818,0.0009271225726281157,0.00036678266441081316,0.0009110372733661989,0.000840580481578745,0.0013357183312464132,0.00024011019190577906,0.0012797184045946516,0.0020470015128914577,0.000322527383804256,0.0006975700470118044,0.0008126847136633975,0.0009638517588280158,0.00038226415895780005,0.0009974681871191566,0.000913877743896999,0.0009878968974078306,0.0012033254711663526,0.0025471704922513886,0.000689013965025495,0.0005543965347398209,0.002037807167806805,0.0004073910930185162,0.001619053040935373,0.0012694467380966914,0.0004389860038996064,0.00041610746588812016,0.0008090658354950693,0.001461513253223078,0.00042020144438477576,0.001362867407130779
BHARTIARTL.NS,0.00037871795394656864,0.000416268243743917,0.0003383994488615024,0.00028301666918192133,0.0006230317766137918,0.0003917060316341719,0.0006239428422667567,0.0012250700295893516,0.00036971599889466924,0.0005401767665902034,0.00036952849609684366,0.00031739336772448586,0.0002570818524752494,0.00022628086058054648,0.00047492880479127475,0.0005266210645798742,0.0004854425467566711,0.00035900606641117407,0.00041083631744009936,0.0006641749791317147,0.0002790864076989497,0.0005684611088865285,0.0006795319865100471,0.0003700869401612639,0.0003387790748118581,0.0004440323816584028,0.00040272370659735,0.00032336521174668447,0.0006956605203975758,0.0005686174953031365,0.00031207163118431236,0.0004184406597372875,0.000512118112913276,0.0002706091688867413,0.0003406471414573548,0.00047048341074867693,0.000370476494804398,0.0005824615111388287,0.0005431156636354097,0.0003944134182862427,0.000389263857234567,0.0004340867699160123,0.0007705559975018241,0.0003620743657955655,0.0006063704362610381
BHEL.NS,0.0010573105019915637,0.0015970252478631657,0.0010539981328873836,0.0004149565386149774,0.0011876917747504403,0.00086902988051615,0.0019144610595505304,0.00036971599889466924,0.004817592730891453,0.0010409572127887722,0.0013224184053653805,0.00040227144050570336,0.0016585254148937592,0.0003861531680076765,0.0016495576028614659,0.0012875501706917406,0.00032361490595857173,0.0006317789058859054,0.0011598404029130468,0.001865557346509569,0.0002191124646278464,0.0008832556009057913,0.0019385061383246722,9.984368904602647e-05,0.0008658324035470146,0.0004946382987711159,0.0013158910618370626,0.0008875625288948701,0.0012105497066361528,0.0010588186138663393,0.001565333293973619,0.0015307238456848118,0.0022066538183761358,0.0009351624069218265,0.0006398050188921639,0.0015351162317293573,0.0006906294697247723,0.0022330829813864135,0.0017161256081946342,0.00017431878897078315,0.00031786950629657116,0.0010779393865744226,0.001893111349481041,0.0003997798942707269,0.0017548442639400367
BOSCHLTD.NS,0.0005735383684193987,0.0007708559485474368,0.0005027587149466181,0.0004402611191400579,0.0009760082746882263,0.0007114149782165688,0.0011570417046047159,0.0005401767665902034,0.0010409572127887722,0.001777839437663748,0.0006953813840725545,0.00034203436538076054,0.0006925000918134885,0.00042811929073607554,0.0007167612890435902,0.0007117443916661134,0.0006432735896547574,0.0007130751815963277,0.0007580058266096453,0.0010881335660602527,0.0003527888297864869,0.0009468997653029283,0.001414464018638885,0.0005395724834551161,0.000343169362905648,0.000676485793047434,0.0007667514651306203,0.0003186618584005361,0.001196027954049726,0.001016925627525565,0.0007164048273412082,0.0006390797703102296,0.0010812440638175796,0.00045138703615251407,0.000656990886572263,0.0010038427446393066,0.0004904047727081845,0.00109817725038544,0.0009014653287232433,0.0005210553293697695,0.0004901532628919951,0.0006273994929273916,0.0010398820112252896,0.0005864138675121658,0.0009889389812492333
BPCL.NS,0.0005805593776456728,0.0009306047270617183,0.0006252817466763451,0.0003525814177727364,0.0009688735296913858,0.0004892350551808914,0.0010985463291021313,0.00036952849609684366,0.0013224184053653805,0.0006953813840725545,0.001985389016241495,0.0003070198959063479,0.0010352959173347974,0.0003505677531334965,0.00112017596028763,0.0007149656560379485,0.000435486590694069,0.0004430714079838251,0.0006326824901068139,0.001065123547798211,0.00025162649200966117,0.000705640500457304,0.0011135420245726383,0.00034462342116925335,0.00043349138555577723,0.00027641683064811857,0.0006890580983199481,0.000574410983071718,0.0007723815351299314,0.0005905745108333699,0.0008141605578067578,0.001016347328362904,0.0012417706993269775,0.0005271233443169915,0.0006240609601325404,0.0009690575028171072,0.0004924344426307731,0.0010492180559574015,0.0009632317468079568,0.00030346029655208467,0.0005118492061213993,0.0005793299430669385,0.0010634298594944815,0.0006075630824849426,0.0010238937378355252
CIPLA.NS,0.0003912685954804369,0.0003517935303968608,0.000335510482539565,0.00029041278343041964,0.0002959122402532051,0.0004347343839904666,7.874441162499889e-05,0.00031739336772448586,0.00040227144050570336,0.00034203436538076054,0.0003070198959063479,0.0014547428968255665,0.00020385811227166667,0.0007895041416747363,0.00030656856505827394,0.00035921539514772684,0.0004601798743715994,0.00015705229937810447,0.00039053664329975833,0.000517601855484062,0.00024887761644827247,0.0002193488792571125,0.00037405060582358586,0.00036386772818479396,0.0001363137899161702,0.00014350094685726031,0.0002257801774149773,0.0008469837972098793,0.0007459023716825889,0.00042435949691053835,0.00028929948227784046,0.0003619040539887752,8.571032121620757e-05,8.545058195514743e-05,0.0002860347131706952,9.105321007499186e-05,0.0007786792840529038,0.0004920890715437152,0.00028434883789815843,0.0002503370882150379,0.00024496523104719416,0.00032571601994942767,0.0003848660835254682,0.00042973068458859395,0.0005825423184766662
COALINDIA.NS,0.0004448965020810172,0.0009050926061451973,0.00038939918017151016,0.0001480758417750481,0.0008189791892219351,0.0003822971105012817,0.001180876109061605,0.0002570818524752494,0.0016585254148937592,0.0006925000918134885,0.0010352959173347974,0.00020385811227166667,0.0019965199586737146,0.00028236305587532465,0.001221096357127398,0.000591980438357776,0.0003650200411578143,0.00047152193530028115,0.00046353660305734285,0.0013666441914166841,1.5974543473610404e-05,0.0006068379161588899,0.001153776318020992,0.00014796595143214215,0.0005248988300437777,0.0003519616465425164,0.000812702442255849,0.00035790897307458417,0.00045138061019031194,0.000537421007877236,0.0011651558892148072,0.001331045538334731,0.0011711088308859875,0.0007099515637124704,0.00047622264591154446,0.000971532669612877,0.0004009222205079343,0.0011912445102555446,0.001177406967302736,0.0002254530881690879,0.00027976974650520387,0.00037251789353061847,0.0012860208869324803,0.0003516286440025946,0.0010638463032527409
DRREDDY.NS,0.00039465008390542294,0.0003818628143637543,0.00033512469796950463,0.00034112639303724384,0.00026644380049311266,0.00045237061149105273,0.00019901064466587668,0.00022628086058054648,0.0003861531680076765,0.00042811929073607554,0.0003505677531334965,0.0007895041416747363,0.00028236305587532465,0.0013437462815149882,0.0003931004565525197,0.00037718810295531044,0.0004313818459956239,0.00016261262431759498,0.00038659136552320354,0.0004824582552969531,0.00025835499004140864,0.00019741814643259507,0.0001788470675562766,0.000349081379468779,0.00023745914818646145,0.00010765586954902203,0.000241495391907346,0.0008174096342263937,0.0005345608402470588,0.00039476633332526887,0.00029543644852491496,0.00035714150134621314,0.00027520971554310144,0.00013015639806835191,0.0003929267701004437,0.00012081436115597683,0.0005791000846339483,0.0003789164787753585,0.00022916519277708163,0.000288531588469671,0.00024987847408231505,0.0004076766434662027,0.00032175726284957695,0.00048503807116849804,0.0004032541395666714
GAIL.NS,0.0006583071328236126,0.0010726443090658662,0.000615217384276404,0.00025480785719600283,0.0008973785473231799,0.0005324112498737425,0.0011421879889251818,0.00047492880479127475,0.0016495576028614659,0.0007167612890435902,0.00112017596028763,0.00030656856505827394,0.001221096357127398,0.0003931004565525197,0.0022756047721167283,0.0008335378079333048,0.000547329953196496,0.00034166706501424137,0.0005711427862513228,0.0015326802887995245,0.0002125495558651598,0.0005722985330848547,0.0011100243390485991,0.00025481199262515993,0.0005826373428467654,0.0002661112531269731,0.000722450407104171,0.0006137327095280542,0.000810560518031403,0.000651758157342029,0.0009339952178033511,0.0015343124778996555,0.0012819467986220803,0.0008092844376617379,0.0005284444189881825,0.0008115002735063127,0.0005820012960733398,0.0012294907393480042,0.001273729605664606,0.00041619746715068704,0.0006052472768827748,0.000646531010931994,0.0014931312416088434,0.0005165634514699566,0.0012148932840435824
GRASIM.NS,0.0009148412279382991,0.0009144808882536495,0.000944485074169408,0.0005434950224223324,0.0011415214356762392,0.0005965080938914344,0.0009271225726281157,0.0005266210645798742,0.0012875501706917406,0.0007117443916661134,0.0007149656560379485,0.00035921539514772684,0.000591980438357776,0.00037718810295531044,0.0008335378079333048,0.0016440024211492308,0.00045678251211260274,0.0005936019637594236,0.0007550020681073522,0.001370066909270323,0.0003229527461623225,0.0009428068826529614,0.0013556903886061125,0.0003561867151143908,0.0005095389753955518,0.0005318888057415749,0.0008487129781892957,0.0005214092570071663,0.0010239838590571512,0.000826112739630743,0.0006700133463850335,0.0007143114045378146,0.0009782931464505768,0.0005050434312504665,0.00046680227524439335,0.0010481631354298387,0.0006012136211838458,0.0012737376468198575,0.0011361717395238975,0.0003991858831329975,0.0005693694934741986,0.0010937822055144986,0.0011896088623844256,0.0005300619335782906,0.0011537651358956805
HCLTECH.NS,0.00034536328614320766,0.0005099131142728025,0.000362375807230945,0.0003225286646046108,0.0006003909708563508,0.0004607303716184719,0.00036678266441081316,0.0004854425467566711,0.00032361490595857173,0.0006432735896547574,0.000435486590694069,0.0004601798743715994,0.0003650200411578143,0.0004313818459956239,0.000547329953196496,0.00045678251211260274,0.0015048039733198838,0.0004841738860717378,0.0005621879492194385,0.0008140688924845935,0.00023770856105255684,0.0005766439576139849,0.0008855758387824781,0.0010438921687345886,0.00020060137377575805,0.0004528047947306267,0.0004837401291977698,0.00046160859692966706,0.0007870962739774049,0.0005131986576693197,0.0002303789882687305,0.0004898678768603213,0.00041434031631585043,0.00023897902849410977,0.0005340202244153974,0.0003966829382510857,0.0004813579516260597,0.0005404085041980822,0.0006054477162462279,0.0009002093414066387,0.0011024767914554208,0.0005770081504126916,0.0007700429381374705,0.0009921238807394318,0.0007697131106228985
HDFCBANK.NS,0.00038552372296135395,0.0006089817001409354,0.0004504973197251634,0.00033671655937300325,0.00107676864330353,0.0005403034959527677,0.0009110372733661989,0.00035900606641117407,0.0006317789058859054,0.0007130751815963277,0.0004430714079838251,0.00015705229937810447,0.00047152193530028115,0.00016261262431759498,0.00034166706501424137,0.0005936019637594236,0.0004841738860717378,0.0013053201648201918,0.0006116244974494988,0.0008359490372007965,0.00025507052920787363,0.001112636764001738,0.0015323737532433358,0.0004522189914441173,0.0002657890809118445,0.000888532716775356,0.0007392955040656294,4.8671999286614816e-05,0.0008656487231713066,0.0006769421284486358,0.0005434380391104934,0.0003209581741532652,0.0007735151414878064,0.00036996390888059807,0.0004565610188177189,0.0010573499377926894,0.00027283837684465966,0.0008931060929644521,0.0006985768246821818,0.0003647047590628859,0.0003678723604266259,0.0005479960048137212,0.0006937610809013965,0.0005901762972809578,0.0008481875329111733
HEROMOTOCO.NS,0.0004572472094459551,0.0005854874545274809,0.0004100193113821395,0.00045717081948591133,0.0009082274947463264,0.0010924446997732367,0.000840580481578745,0.00041083631744009936,0.0011598404029130468,0.0007580058266096453,0.0006326824901068139,0.00039053664329975833,0.00046353660305734285,0.00038659136552320354,0.0005711427862513228,0.0007550020681073522,0.0005621879492194385,0.0006116244974494988,0.0018611542831148975,0.0009833540681677287,0.0004315501251707334,0.000782570844898496,0.0011082398024681486,0.0004515981205971164,0.0004900732416789948,0.0005994579224510396,0.0005846287023800335,0.0005742397555288493,0.001052256534582603,0.0010523493723778273,0.0005140846397139912,0.0006285979077719382,0.0009362973977649975,0.000247208221085413,0.000522219959024496,0.0007599892645861616,0.00048467604428732833,0.001007665099043943,0.0007004303914864578,0.0004698567818033185,0.0004428409846755217,0.0007211268004901252,0.0007283826571312079,0.0005588443171645691,0.0009714694154544864
HINDALCO.NS,0.0009753145203510589,0.0012130581767833375,0.0009289220715572684,0.0004601136090042264,0.0015559898275958092,0.0006870932782498019,0.0013357183312464132,0.0006641749791317147,0.001865557346509569,0.0010881335660602527,0.001065123547798211,0.000517601855484062,0.0013666441914166841,0.0004824582552969531,0.0015326802887995245,0.001370066909270323,0.0008140688924845935,0.0008359490372007965,0.0009833540681677287,0.003367906869061562,0.0002252862701873927,0.0013624059605142058,0.002333068891588735,0.0005915584379941443,0.0006323046251200202,0.00060442251193872,0.0012302215823075215,0.00054446432926788,0.0011414342618286959,0.0009910155689501151,0.0010640494223650451,0.0014259655172791687,0.0014058560890205243,0.0007032068159327816,0.000659225023846211,0.0014156534659746755,0.0008430679783114302,0.0016909663177316306,0.0022599964532942986,0.0005804765772574594,0.0008423904824827687,0.0010937985956231847,0.0024019162600291393,0.0008075520994470201,0.0014318102016500928
HINDUNILVR.NS,0.00012006478917589727,0.00011445283685093202,0.00014253007569620682,0.0004947331653020387,0.0003772868628302557,0.00036098513372205505,0.00024011019190577906,0.0002790864076989497,0.0002191124646278464,0.0003527888297864869,0.00025162649200966117,0.00024887761644827247,1.5974543473610404e-05,0.00025835499004140864,0.0002125495558651598,0.0003229527461623225,0.00023770856105255684,0.00025507052920787363,0.0004315501251707334,0.0002252862701873927,0.0009041452440286331,0.00028185597971760627,0.0003814720229820824,0.00031005218064122345,0.00028453857958404897,0.00028194807780384097,0.00017075854739045812,0.00023613384024259729,0.0004155552102367258,0.00039352873366741396,0.000103133290609629,0.00013490905012796515,0.00018681861674983024,8.252872319817742e-06,0.00024774077750618653,0.00019533807767136918,0.00027189249150846113,0.00020842595635111528,0.00023169084739753685,0.00031833755648872687,0.00013743791061830666,0.00035518184687077906,0.0002108639800519717,0.0002899445788691668,0.0002573195994697847
ICICIBANK.NS,0.0007032594383530554,0.0008217377773795226,0.0007567544716338116,0.0004430789199688291,0.0017621128859988283,0.0005967611284998294,0.0012797184045946516,0.0005684611088865285,0.0008832556009057913,0.0009468997653029283,0.000705640500457304,0.0002193488792571125,0.0006068379161588899,0.00019741814643259507,0.0005722985330848547,0.0009428068826529614,0.0005766439576139849,0.001112636764001738,0.000782570844898496,0.0013624059605142058,0.00028185597971760627,0.0019041853274540884,0.0022238157474900656,0.0005441388629773265,0.0003523328779339186,0.0009948393128458477,0.0010535935208822178,8.049023325277624e-05,0.0010916199601809127,0.001007038290256398,0.0007004803167110199,0.000604405009534697,0.0011336036318429642,0.0005036218111649047,0.0006009001130144424,0.0015003519639059336,0.00037307594704585905,0.0010463999715925626,0.0010020977460847137,0.0004010664784716655,0.0005418971083706876,0.0008217892187771846,0.0010995535191731308,0.0006853943716769265,0.0009450282186105747
INDUSINDBK.NS,0.001018790297454122,0.0015046176596674407,0.0011241084278633474,0.0005837500060703406,0.0026606795328404094,0.0009700886453486068,0.0020470015128914577,0.0006795319865100471,0.0019385061383246722,0.001414464018638885,0.0011135420245726383,0.00037405060582358586,0.001153776318020992,0.0001788470675562766,0.0011100243390485991,0.0013556903886061125,0.0008855758387824781,0.0015323737532433358,0.0011082398024681486,0.002333068891588735,0.0003814720229820824,0.0022238157474900656,0.005272446802998896,0.0006895075287405917,0.0004440660045616985,0.0014299551328621942,0.0015648466482865418,0.00017995634423978565,0.0018227263436633554,0.0014594455501024286,0.001290183894709427,0.001068934896031793,0.0017040596037228972,0.0007793412181269955,0.0007127863636116119,0.0023191151753373367,0.0006241588782307503,0.001588912365487681,0.0015923212720852862,0.0006522985330938479,0.0006920003949193891,0.0010139312743163886,0.001727908221676742,0.0008110841858562123,0.001620869801711336
INFY.NS,0.000250620529512628,0.0003362136789874375,0.00018692937594346254,0.0002503524128005021,0.00041639034731078163,0.0003471891785070026,0.000322527383804256,0.0003700869401612639,9.984368904602647e-05,0.0005395724834551161,0.00034462342116925335,0.00036386772818479396,0.00014796595143214215,0.000349081379468779,0.00025481199262515993,0.0003561867151143908,0.0010438921687345886,0.0004522189914441173,0.0004515981205971164,0.0005915584379941443,0.00031005218064122345,0.0005441388629773265,0.0006895075287405917,0.0014079058210423848,0.0001965773472019308,0.000467957477586745,0.0004383253900499842,0.00026989990517964607,0.0006450395575997632,0.00036388956219870545,0.00014488458912970874,0.00029335242413922144,0.0003495551734942367,0.00014413908940042,0.0004577233121579238,0.0003516367639920822,0.0003057184169024659,0.000514136976862733,0.00051215916854505,0.000882410961300148,0.0009485330972371087,0.0004764221087457554,0.0004225418185868962,0.0009643318459776116,0.0004688410177400138
ITC.NS,0.0003090237652275697,0.000340034124790755,0.0003008280141981413,0.0002688188848626687,0.0004521547229906738,0.00042466983274055476,0.0006975700470118044,0.0003387790748118581,0.0008658324035470146,0.000343169362905648,0.00043349138555577723,0.0001363137899161702,0.0005248988300437777,0.00023745914818646145,0.0005826373428467654,0.0005095389753955518,0.00020060137377575805,0.0002657890809118445,0.0004900732416789948,0.0006323046251200202,0.00028453857958404897,0.0003523328779339186,0.0004440660045616985,0.0001965773472019308,0.0013497163530729209,0.0002997705844765988,0.0004757420953543299,0.0003119622531802318,0.0004789212869875258,0.0003793792127607685,0.00044503270624475326,0.0006364005971951912,0.0007559233757545872,0.0002660219862397064,0.00019893347885316392,0.0006619082633163702,0.000285198994593488,0.0007280100784368222,0.0005932534085146773,0.00018688068171579465,0.0002630986147377647,0.00042794294770850255,0.0006257134688532444,0.00021295156570701136,0.000688544363370457
KOTAKBANK.NS,0.00023980795828016475,0.0005790374436859227,0.00027711470134221446,0.0002977033978355108,0.0008814643965963366,0.0005076131615128819,0.0008126847136633975,0.0004440323816584028,0.0004946382987711159,0.000676485793047434,0.00027641683064811857,0.00014350094685726031,0.0003519616465425164,0.00010765586954902203,0.0002661112531269731,0.0005318888057415749,0.0004528047947306267,0.000888532716775356,0.0005994579224510396,0.00060442251193872,0.00028194807780384097,0.0009948393128458477,0.0014299551328621942,0.000467957477586745,0.0002997705844765988,0.0015288188157150063,0.0006253415905180601,-8.707873964328398e-05,0.0008186218358945723,0.0007023610101114001,0.0005139858699254004,0.00026374249045630976,0.0008067291894237983,0.0004163844976885606,0.0004258064164441733,0.0009914024961229745,0.000217594340002846,0.0007940023128147724,0.0004850821389675563,0.000352858937417116,0.000363697116573988,0.00046243585433870923,0.0006178135625644044,0.0004180466299080526,0.0007968068609096613
LT.NS,0.0007772088098258615,0.0009115344965192813,0.0008013947890656754,0.0004134589503592265,0.0011252639109874773,0.00047451870074582524,0.0009638517588280158,0.00040272370659735,0.0013158910618370626,0.0007667514651306203,0.0006890580983199481,0.0002257801774149773,0.000812702442255849,0.000241495391907346,0.000722450407104171,0.0008487129781892957,0.0004837401291977698,0.0007392955040656294,0.0005846287023800335,0.0012302215823075215,0.00017075854739045812,0.0010535935208822178,0.0015648466482865418,0.0004383253900499842,0.0004757420953543299,0.0006253415905180601,0.0015992270913870131,0.00017088003516537302,0.0007578414757690476,0.0006504751860007312,0.0008429257917286154,0.0005921683107742711,0.0009664351307168525,0.00047112952928373374,0.00029857992690456443,0.0011050117713228655,0.0003198136066893891,0.0010398931889590089,0.0009492144223812656,0.0003353912791791315,0.0004774348459443469,0.0008256872267351518,0.001068528660906419,0.0005076231075108867,0.000981478835885215
LUPIN.NS,0.0004945066448726908,0.0005254929311971803,0.0004589489202890208,0.00030420147293143553,0.00026500989759508975,0.0005181516108590257,0.00038226415895780005,0.00032336521174668447,0.0008875625288948701,0.0003186618584005361,0.000574410983071718,0.0008469837972098793,0.00035790897307458417,0.0008174096342263937,0.0006137327095280542,0.0005214092570071663,0.00046160859692966706,4.8671999286614816e-05,0.0005742397555288493,0.00054446432926788,0.00023613384024259729,8.049023325277624e-05,0.00017995634423978565,0.00026989990517964607,0.0003119622531802318,-8.707873964328398e-05,0.00017088003516537302,0.0019297299827588518,0.0006166031438781512,0.00033932090628104993,0.0002501327128655561,0.0005844067496063311,0.0004177558009913405,4.4696284529315406e-05,0.0003055065810777423,0.00026886977220472126,0.0008424453139502846,0.0006149311603786261,0.0003830180605022708,0.0003455654552390807,0.00035625377288785393,0.0005142064930034856,0.0004809055470654376,0.000398184680067063,0.0005552987819054897
M&M.NS,0.0006294923642598185,0.0007038946873175251,0.0006601415025804982,0.0004320768992047698,0.0012525119692528165,0.0008947302247707621,0.0009974681871191566,0.0006956605203975758,0.0012105497066361528,0.001196027954049726,0.0007723815351299314,0.0007459023716825889,0.00045138061019031194,0.0005345608402470588,0.000810560518031403,0.0010239838590571512,0.0007870962739774049,0.0008656487231713066,0.001052256534582603,0.0011414342618286959,0.0004155552102367258,0.0010916199601809127,0.0018227263436633554,0.0006450395575997632,0.0004789212869875258,0.0008186218358945723,0.0007578414757690476,0.0006166031438781512,0.002689482067095702,0.0013631482020704136,0.0007903241478164978,0.0006276905160809892,0.0010198574099778675,0.000517904528406659,0.0006482937805261799,0.0010787063994305162,0.0007010611040541681,0.001337065679873311,0.0009776332925557115,0.0005377078222414158,0.0007044298486416094,0.0009272146190264022,0.0009608733571972092,0.0007855988743489913,0.001015278567970375
MARUTI.NS,0.0005029754980974399,0.0006325782580904146,0.0004801634667713791,0.0006355951053980255,0.0012657766856606601,0.0009199264173724951,0.000913877743896999,0.0005686174953031365,0.0010588186138663393,0.001016925627525565,0.0005905745108333699,0.00042435949691053835,0.000537421007877236,0.00039476633332526887,0.000651758157342029,0.000826112739630743,0.0005131986576693197,0.0006769421284486358,0.0010523493723778273,0.0009910155689501151,0.00039352873366741396,0.001007038290256398,0.0014594455501024286,0.00036388956219870545,0.0003793792127607685,0.0007023610101114001,0.0006504751860007312,0.00033932090628104993,0.0013631482020704136,0.0018940764283708637,0.000759214647860212,0.0006782584927737628,0.0009324780030244829,0.00039581314220402326,0.00045161174588534224,0.0008989577286273502,0.0004894634237717487,0.0010574363472600525,0.0008271120411484121,0.000454447633035571,0.00028296805605367963,0.0007646634300230798,0.000860955348836809,0.00052972228551584,0.0009837491214810515
NTPC.NS,0.0006061969960399552,0.0009126172576616644,0.0005779120583691312,0.0003012252661046358,0.0008841226951453192,0.0004563772969311916,0.0009878968974078306,0.00031207163118431236,0.001565333293973619,0.0007164048273412082,0.0008141605578067578,0.00028929948227784046,0.0011651558892148072,0.00029543644852491496,0.0009339952178033511,0.0006700133463850335,0.0002303789882687305,0.0005434380391104934,0.0005140846397139912,0.0010640494223650451,0.000103133290609629,0.0007004803167110199,0.001290183894709427,0.00014488458912970874,0.00044503270624475326,0.0005139858699254004,0.0008429257917286154,0.0002501327128655561,0.0007903241478164978,0.000759214647860212,0.001590887997621002,0.0008798344236007523,0.0010747836679593776,0.0008364400142756527,0.0003833891485440716,0.0008542327702852852,0.00038148468592865786,0.001391322817817487,0.0009266941433100427,9.668126490446179e-05,0.0001720676427865281,0.0005606430173555466,0.0011023198498568507,0.00021131733155850852,0.0010033160275547187
ONGC.NS,0.0005102231544353976,0.0009763534267475121,0.0004284491791013876,0.0001936646326128552,0.0008089953082169269,0.000521106659627987,0.0012033254711663526,0.0004184406597372875,0.0015307238456848118,0.0006390797703102296,0.001016347328362904,0.0003619040539887752,0.001331045538334731,0.00035714150134621314,0.0015343124778996555,0.0007143114045378146,0.0004898678768603213,0.0003209581741532652,0.0006285979077719382,0.0014259655172791687,0.00013490905012796515,0.000604405009534697,0.001068934896031793,0.00029335242413922144,0.0006364005971951912,0.00026374249045630976,0.0005921683107742711,0.0005844067496063311,0.0006276905160809892,0.0006782584927737628,0.0008798344236007523,0.0022606909771334385,0.0013591480399795216,0.0006367615407839589,0.0006393157708275934,0.0009120392446406207,0.0004945581079769743,0.0011652222628770231,0.001135763667340538,0.00045934573037308374,0.0005435044748272576,0.0005236094821796676,0.0014492543947898743,0.0005702301419503412,0.0011562556584639595
PNB.NS,0.0009211789322506721,0.0014250432993527617,0.0008361821029686242,0.0002874502142091802,0.0012723438174340775,0.0006927611363787744,0.0025471704922513886,0.000512118112913276,0.0022066538183761358,0.0010812440638175796,0.0012417706993269775,8.571032121620757e-05,0.0011711088308859875,0.00027520971554310144,0.0012819467986220803,0.0009782931464505768,0.00041434031631585043,0.0007735151414878064,0.0009362973977649975,0.0014058560890205243,0.00018681861674983024,0.0011336036318429642,0.0017040596037228972,0.0003495551734942367,0.0007559233757545872,0.0008067291894237983,0.0009664351307168525,0.0004177558009913405,0.0010198574099778675,0.0009324780030244829,0.0010747836679593776,0.0013591480399795216,0.0032707947655631264,0.0008447438368207166,0.0006722394150280259,0.0018706521744441085,0.0004281296588644194,0.0017596999807249695,0.0013717612532060308,0.00044400050694838676,0.0005502727436426822,0.000761989924766954,0.0014667923420066586,0.00048279311444262955,0.0015338562881234666
POWERGRID.NS,0.00039543010088870174,0.0006109304354584668,0.0003275506015636899,0.00011254635415926831,0.0005485112311607765,0.00023233572203286066,0.000689013965025495,0.0002706091688867413,0.0009351624069218265,0.00045138703615251407,0.0005271233443169915,8.545058195514743e-05,0.0007099515637124704,0.00013015639806835191,0.0008092844376617379,0.0005050434312504665,0.00023897902849410977,0.00036996390888059807,0.000247208221085413,0.0007032068159327816,8.252872319817742e-06,0.0005036218111649047,0.0007793412181269955,0.00014413908940042,0.0002660219862397064,0.0004163844976885606,0.00047112952928373374,4.4696284529315406e-05,0.000517904528406659,0.00039581314220402326,0.0008364400142756527,0.0006367615407839589,0.0008447438368207166,0.0013736969004065323,0.0003243298706477002,0.0006892206277136674,0.00019380137349462632,0.0009893869142397265,0.0006583710952750703,0.00014360611723977866,0.00022819985806833777,0.0003973666621673007,0.0008409186182254363,0.00023208256430388527,0.0005409926370431927
RELIANCE.NS,0.000380454630627014,0.0007180911446245926,0.000373961123214791,0.0003309724330125288,0.0005254811575583355,0.0004159759027037292,0.0005543965347398209,0.0003406471414573548,0.0006398050188921639,0.000656990886572263,0.0006240609601325404,0.0002860347131706952,0.00047622264591154446,0.0003929267701004437,0.0005284444189881825,0.00046680227524439335,0.0005340202244153974,0.0004565610188177189,0.000522219959024496,0.000659225023846211,0.00024774077750618653,0.0006009001130144424,0.0007127863636116119,0.0004577233121579238,0.00019893347885316392,0.0004258064164441733,0.00029857992690456443,0.0003055065810777423,0.0006482937805261799,0.00045161174588534224,0.0003833891485440716,0.0006393157708275934,0.0006722394150280259,0.0003243298706477002,0.0013810187433410052,0.0005113353399136566,0.0003288633371943792,0.0005726668547889128,0.0005218197014312354,0.00041513429480322567,0.00043892569179031953,0.00031265996771868753,0.0007662440681505212,0.0005414424305620405,0.0007913851202342197
SBIN.NS,0.0008447356057361431,0.001196714749760787,0.00091155322811188,0.00029962469793690674,0.0015690625182054893,0.0006276688984657219,0.002037807167806805,0.00047048341074867693,0.0015351162317293573,0.0010038427446393066,0.0009690575028171072,9.105321007499186e-05,0.000971532669612877,0.00012081436115597683,0.0008115002735063127,0.0010481631354298387,0.0003966829382510857,0.0010573499377926894,0.0007599892645861616,0.0014156534659746755,0.00019533807767136918,0.0015003519639059336,0.0023191151753373367,0.0003516367639920822,0.0006619082633163702,0.0009914024961229745,0.0011050117713228655,0.00026886977220472126,0.0010787063994305162,0.0008989577286273502,0.0008542327702852852,0.0009120392446406207,0.0018706521744441085,0.0006892206277136674,0.0005113353399136566,0.0023525983486736572,0.0004917022127092523,0.0014335424356808056,0.0012296779369064135,0.00036490756715858413,0.00040504036111208117,0.0008764459455611638,0.0012443435410479256,0.0005117008020396653,0.0012476586910553059
SUNPHARMA.NS,0.0004429340346221003,0.0004606510682286751,0.0004608362683246836,0.0003318026922565322,0.0004340717390915314,0.0004706873971233995,0.0004073910930185162,0.000370476494804398,0.0006906294697247723,0.0004904047727081845,0.0004924344426307731,0.0007786792840529038,0.0004009222205079343,0.0005791000846339483,0.0005820012960733398,0.0006012136211838458,0.0004813579516260597,0.00027283837684465966,0.00048467604428732833,0.0008430679783114302,0.00027189249150846113,0.00037307594704585905,0.0006241588782307503,0.0003057184169024659,0.000285198994593488,0.000217594340002846,0.0003198136066893891,0.0008424453139502846,0.0007010611040541681,0.0004894634237717487,0.00038148468592865786,0.0004945581079769743,0.0004281296588644194,0.00019380137349462632,0.0003288633371943792,0.0004917022127092523,0.0012155738715018108,0.0006963377516487836,0.0006632324534229983,0.00026679088830887723,0.0004287331511282002,0.0005001943759262168,0.0006938706615206537,0.00034832785782221387,0.0005826093799717562
TATAPOWER.NS,0.0009039135383054138,0.0014891394925810174,0.0008873710462373173,0.0004239507153007775,0.001176119227029117,0.0008006144494745016,0.001619053040935373,0.0005824615111388287,0.0022330829813864135,0.00109817725038544,0.0010492180559574015,0.0004920890715437152,0.0011912445102555446,0.0003789164787753585,0.0012294907393480042,0.0012737376468198575,0.0005404085041980822,0.0008931060929644521,0.001007665099043943,0.0016909663177316306,0.00020842595635111528,0.0010463999715925626,0.001588912365487681,0.000514136976862733,0.0007280100784368222,0.0007940023128147724,0.0010398931889590089,0.0006149311603786261,0.001337065679873311,0.0010574363472600525,0.001391322817817487,0.0011652222628770231,0.0017596999807249695,0.0009893869142397265,0.0005726668547889128,0.0014335424356808056,0.0006963377516487836,0.0030167433257349127,0.0016008981746990026,0.0003833592553969425,0.0006018039707099259,0.000886559077640748,0.0017919508660246592,0.0006147536801810703,0.0016158015077768798
TATASTEEL.NS,0.0008966545118723227,0.0009960407099752781,0.0008684225918146902,0.00038529732610240663,0.001095168633670924,0.0005512681401088798,0.0012694467380966914,0.0005431156636354097,0.0017161256081946342,0.0009014653287232433,0.0009632317468079568,0.00028434883789815843,0.001177406967302736,0.00022916519277708163,0.001273729605664606,0.0011361717395238975,0.0006054477162462279,0.0006985768246821818,0.0007004303914864578,0.0022599964532942986,0.00023169084739753685,0.0010020977460847137,0.0015923212720852862,0.00051215916854505,0.0005932534085146773,0.0004850821389675563,0.0009492144223812656,0.0003830180605022708,0.0009776332925557115,0.0008271120411484121,0.0009266941433100427,0.001135763667340538,0.0013717612532060308,0.0006583710952750703,0.0005218197014312354,0.0012296779369064135,0.0006632324534229983,0.0016008981746990026,0.002636856203746441,0.0004604725111082854,0.0006977682007151466,0.0009062285615799243,0.001998791155248129,0.0007019811461551739,0.0009467611658803749
