,ACC.NS,ADANIENT.NS,ADANIPORTS.NS,AMBUJACEM.NS,APOLLOHOSP.NS,ASIANPAINT.NS,AUROPHARMA.NS,AXISBANK.NS,BAJAJ-AUTO.NS,BAJAJFINSV.NS,BAJAJHLDNG.NS,BANKBARODA.NS,BANKINDIA.NS,BHARATFORG.NS,BHARTIARTL.NS,BHEL.NS,BOSCHLTD.NS,BPCL.NS,CANBK.NS,CIPLA.NS,COALINDIA.NS,COLPAL.NS,CONCOR.NS,DABUR.NS,DIVISLAB.NS,DRREDDY.NS,FEDERALBNK.NS,GAIL.NS,GODREJCP.NS,GRASIM.NS,HCLTECH.NS,HDFCBANK.NS,HEROMOTOCO.NS,HINDALCO.NS,HINDUNILVR.NS,ICICIBANK.NS,INDUSINDBK.NS,INFY.NS,ITC.NS,JSWSTEEL.NS,KOTAKBANK.NS,LT.NS,MARUTI.NS,NTPC.NS,ONGC.NS,RELIANCE.NS,SBIN.NS,SUNPHARMA.NS,TCS.NS,WIPRO.NS
ACC.NS,0.00039538093665437063,0.00033787413549137756,0.00028986225509774116,0.00037053484060759905,0.00010736262607817388,0.00010477092816378959,0.00012288199220460632,0.00016779979897292102,0.00011630671447603841,0.00016552604895771986,0.00010461148721476793,0.0002168392243412538,0.000185712035923423,0.00016824036277645523,0.00011472877621804887,0.00025431710727863026,0.00014272339168332446,0.00016504928066873257,0.00024954451367441445,5.591502845119074e-05,0.00013369842170705845,7.91455687164278e-05,0.00020552213682186203,8.19523833729222e-05,8.269687381605568e-05,6.534573578794464e-05,0.0001986333867697887,0.00016579480413540107,8.495081466859982e-05,0.00019598341484883182,9.308318312991283e-05,0.00012115112478369143,0.00012572758486854456,0.00021124978687045277,5.9007946624765505e-05,0.00014557151093630324,0.00022523970578863637,9.528865543808315e-05,8.975051910973342e-05,0.00019291511236647782,0.00010612149178735273,0.00015460867222716562,0.00013410916014855125,0.00014802754808961442,0.00013254396779063043,0.00013095185369635726,0.00019186302698948776,8.046018315259853e-05,8.305111700831564e-05,0.0001088321526234595
ADANIENT.NS,0.00033787413549137756,0.001163356314594483,0.0006188859801063411,0.00040205195513169417,0.00015785378412840677,0.00014909358842420703,0.0001586292039583279,0.0002345462202795865,0.0001467228797278654,0.00027071808837692473,0.0001352365686347115,0.00033924141941641593,0.0003297966081749218,0.00026416866332216294,0.00016452994288018973,0.00037419457766639215,0.00019223105888426426,0.00023297613005903188,0.00038493341369955824,5.512281204558189e-05,0.0002179698331671197,9.365604439964534e-05,0.00025939472808677157,0.00010782510441727256,0.00013493924099770987,8.221085183387677e-05,0.0002628416595069185,0.00022907035204953978,0.00012476025864343625,0.00023087574516262173,0.00014722922205309566,0.00017383758707404474,0.00016704861052535625,0.0002764841726105408,8.563597734859842e-05,0.0002252393648047298,0.00031725119447413303,0.00014075362872668332,0.00011381258541716536,0.00027390489947834223,0.0001675925000868523,0.0002001965221528406,0.00019772407820048142,0.00019757353714869481,0.00023357834654289984,0.00021488691551659395,0.000293690013569289,0.00012002429194694764,0.00013048763664424588,0.00015279289727090713
ADANIPORTS.NS,0.00028986225509774116,0.0006188859801063411,0.0006820671144069613,0.0003399307614234147,0.00012273456709239314,0.00012611056590963805,0.00015509512714033486,0.00023280836811375612,0.00012835067315325626,0.0002291321816308652,0.00012056017087992574,0.00031743480838453315,0.0002840921361047835,0.00022595344259639796,0.00015190118476743897,0.0003507490878083828,0.0001835428581965807,0.00020379020681494773,0.00035473239104919657,6.0827774923576106e-05,0.00020570837463498658,7.426741800099195e-05,0.00023180590262022457,8.395055948707006e-05,0.00010122549611339342,7.124464489596786e-05,0.0002381248454708079,0.00019980897298690401,0.00011469572314018398,0.00021372333254754167,0.00013076766671719713,0.00016772165722126324,0.0001507822039481706,0.00026395728207750924,7.603155228838784e-05,0.00020002693460453584,0.0002650495961030707,0.00012486684299295865,0.00011560642519898253,0.0002543033849974593,0.00016094954674150872,0.00020957029132507684,0.0001765765165082554,0.00020490265634449364,0.00020877778212058653,0.00019731766514934922,0.0002611333724652027,0.00012157335520510278,0.00011013288293887319,0.0001263885077625577
AMBUJACEM.NS,0.00037053484060759905,0.00040205195513169417,0.0003399307614234147,0.0005066037543916234,0.00011212120142039225,0.00010430637726390573,0.0001322489565675766,0.00017972872019071694,0.00011696755710949786,0.00018378069282783528,0.0001073863248248897,0.0002413371690642725,0.00020585852746647776,0.0001740148862455001,0.00011057273553917534,0.0002679098451219388,0.00013980225330789543,0.00017638507301589955,0.0002726196946537317,5.78924960978814e-05,0.00014107626558766285,8.283585554070565e-05,0.00022572643981442304,7.562592128308424e-05,8.380779484481787e-05,6.117265538890207e-05,0.00019866839321198773,0.00017540675123739038,8.622920214102052e-05,0.0002080676697708992,9.059670182134691e-05,0.0001205702666396539,0.00012870209804176908,0.00020978668172201746,6.253381325538446e-05,0.00015685205559363811,0.00022678592965712804,8.855896013472394e-05,9.151033746726764e-05,0.00019475108615613415,0.00011232004364735585,0.00016251090019466988,0.00014497417164694912,0.00015443574522703784,0.00013736992351567163,0.00014358009786949683,0.0002197940262146694,8.894074065453052e-05,8.097922045353836e-05,0.00010490882651706511
APOLLOHOSP.NS,0.00010736262607817388,0.00015785378412840677,0.00012273456709239314,0.00011212120142039225,0.0004546409551194959,9.267779333057751e-05,0.00012316104373673602,0.00012493112381364757,9.585508841562889e-05,0.000163892305092335,0.0001086049386974482,0.00010868619756891165,0.00010591578361229076,0.0001179122402638698,8.494079914471454e-05,0.00013597707466547502,0.00011274717487238771,0.00011343853794034772,0.00013139876107331303,9.037872003723584e-05,8.737758132318927e-05,7.066514067671292e-05,0.00012911624827550899,9.040349199448008e-05,0.00012313371539454508,9.36208873212091e-05,0.00012437066499988435,0.00010888248284453766,8.147267819414756e-05,0.00013016906792860406,0.00010254115167014964,8.989858783274122e-05,0.00010489305016892838,0.0001550414172723004,8.628377465594391e-05,0.00011292135046055635,0.00014235905414012605,9.17815565222819e-05,7.62626343993861e-05,0.00013793090156901807,0.00010697895644321341,0.00011707385309752931,0.00010996043496629391,8.275073431294703e-05,0.00010305655107220505,0.00010723578716483741,0.00010882390351437964,0.00010813053499457262,7.897478466950078e-05,0.00011315673995983119
ASIANPAINT.NS,0.00010477092816378959,0.00014909358842420703,0.00012611056590963805,0.00010430637726390573,9.267779333057751e-05,0.0002703293140666915,9.232843879377292e-05,0.00011111340572246422,8.192729845391343e-05,0.00013344722815260415,8.549490270148509e-05,7.5807970402081e-05,5.3346528597268415e-05,8.49734803407003e-05,6.981185600925756e-05,0.00010155354449854033,9.723415635962646e-05,9.502086614739711e-05,8.767208461390911e-05,4.4949561637614304e-05,4.896030906549216e-05,8.333840989442037e-05,0.00010111765946873278,9.999537132221902e-05,9.232333119202834e-05,6.396255930424525e-05,0.00010449838846992557,5.359141899891968e-05,9.716166489882289e-05,0.0001231623650551764,7.932050337014306e-05,8.695623397619244e-05,9.887979063485597e-05,0.00010640133510300504,0.00011330753490242904,0.00010255054628576833,0.00013938230936753136,8.614626929210408e-05,6.162537537300152e-05,0.00010741510924438533,9.784518767101466e-05,9.817476620329527e-05,0.000127120400515081,6.18724598233711e-05,3.907015525199108e-05,0.0001071222581292862,8.204979962088925e-05,5.827594772267454e-05,7.712445353820405e-05,7.945644872312745e-05
AUROPHARMA.NS,0.00012288199220460632,0.0001586292039583279,0.00015509512714033486,0.0001322489565675766,0.00012316104373673602,9.232843879377292e-05,0.0005916047553365355,0.00017067852988022459,0.00011417359899432916,0.00014176205323495196,9.885862024036263e-05,0.00014558131864697503,0.00012767219068987115,0.0001130757715287906,0.00012456211912540438,0.0001954870374044166,0.00012849825703934958,0.0001425390600336249,0.00017257884466236832,0.00018415205764610456,0.0001231598425025465,9.924520337817433e-05,0.0001460182699317361,0.00011314543974677914,0.00018252066444113344,0.00017099163532072675,0.00016154242679821903,0.00013496924114712972,9.816364057783312e-05,0.00018122886531564078,9.900918881853188e-05,0.0001026504693824927,0.00011118086351293374,0.00021524923802452184,9.168451443467282e-05,0.00012376742469421726,0.00019159492602172646,0.00011563586150250937,0.00010745834705467544,0.00017892413825853072,9.925168360111647e-05,0.00012345152654038544,0.00010954633076236849,0.0001334633627198184,0.00013493400867519947,0.00011979981369418421,0.00014412969002688882,0.0001737751841168078,9.315902918524558e-05,0.0001226342318849856
AXISBANK.NS,0.00016779979897292102,0.0002345462202795865,0.00023280836811375612,0.00017972872019071694,0.00012493112381364757,0.00011111340572246422,0.00017067852988022459,0.000531594571186072,0.00015098736844600078,0.0002916000784345524,0.00016600216488647202,0.0002994004440791159,0.00022069441973415687,0.0002275734078568741,0.00014308330195487754,0.0002604005950439007,0.00019657297585587197,0.00018938551131611556,0.00033083083900664216,6.227055623241698e-05,0.00016569760463137806,7.010361792642017e-05,0.0002129374961931393,9.866597318225863e-05,8.08547055410971e-05,6.955871331401514e-05,0.000345158281967426,0.0001567922979171084,0.00011912598022571079,0.0002334923740046967,0.00010664090612892291,0.00021290243171986445,0.00015522212009303033,0.00026887389737883784,9.864168208045042e-05,0.00034695291651524036,0.0004107623534324488,0.00012476822756556197,0.00012361097964256698,0.000251043936779606,0.00021423538694706256,0.00020962088416017697,0.00020663834659825374,0.00015105550104745153,0.00017673194886603087,0.00018315482301966256,0.000304929658912792,9.573309750466355e-05,0.00010970891870513241,0.00012688188881160417
BAJAJ-AUTO.NS,0.00011630671447603841,0.0001467228797278654,0.00012835067315325626,0.00011696755710949786,9.585508841562889e-05,8.192729845391343e-05,0.00011417359899432916,0.00015098736844600078,0.0003041099479403637,0.00014452473540830184,9.74439687215576e-05,0.000122596302921154,0.0001054196794838564,0.00015620947024559895,0.00010833500689460515,0.0001592158569729085,0.00013390637631304527,0.00011376150638435266,0.00015025199045962028,5.291525818718261e-05,8.801016649233746e-05,6.917358165097105e-05,0.00013421643861146666,7.536885771291908e-05,8.513023217309188e-05,6.344079024187255e-05,0.0001532454788115226,0.00010603984216618728,8.661901823627752e-05,0.0001300075543810303,7.791644343275851e-05,0.00010935723689898225,0.00018956915877488284,0.00015415349216424444,7.678557895298297e-05,0.00012216948741601143,0.00018421485264267528,7.424524517080411e-05,7.74317779700497e-05,0.00013251609497016967,0.00010790993499184347,0.00010925701125555464,0.00016284161495132147,8.724327421600094e-05,0.00011061003742096985,0.00010863027298684168,0.0001126818559685296,8.048850978364709e-05,7.220888556883595e-05,8.318961948109997e-05
BAJAJFINSV.NS,0.00016552604895771986,0.00027071808837692473,0.0002291321816308652,0.00018378069282783528,0.000163892305092335,0.00013344722815260415,0.00014176205323495196,0.0002916000784345524,0.00014452473540830184,0.0005032001110752307,0.00021295197372181714,0.00026183217818751063,0.0001921241159644825,0.00023255370572706886,0.00014240722903146469,0.0002324726813835167,0.00019492669703237452,0.00018224624890263624,0.0002833602015702434,5.066300147074601e-05,0.00013903375543126428,7.879619348065018e-05,0.0002040848472021821,9.768686900304763e-05,9.388675992504981e-05,5.53589006869174e-05,0.00029638488729175896,0.00015986527147235214,0.0001136872977307066,0.0002296367877324469,0.00012081419526471945,0.00019469520160308345,0.0001579378600479526,0.0002586809941984232,9.515770483414916e-05,0.00026017358294847475,0.00036683487275109906,0.00013562829726671393,0.00012012199937544543,0.0002417112058141468,0.0002026189014972743,0.0002042482670267025,0.00018650030214005495,0.00014063503434945659,0.0001502369081802232,0.00017781401036322483,0.00025492828900760726,9.623596882058994e-05,0.00011419550035736321,0.00012688263848454473
BAJAJHLDNG.NS,0.00010461148721476793,0.0001352365686347115,0.00012056017087992574,0.0001073863248248897,0.0001086049386974482,8.549490270148509e-05,9.885862024036263e-05,0.00016600216488647202,9.74439687215576e-05,0.00021295197372181714,0.00047140930770801196,0.00012696555483096003,0.00013159441838376507,0.00015238282647689967,9.790126524484776e-05,0.00015910789195197595,0.00013493716731855732,0.0001221680967509084,0.00017056956892604177,5.702605400597858e-05,9.366376466786e-05,5.257500521580854e-05,0.00013490366809070132,6.460305325684422e-05,6.365275690780418e-05,3.953010946826433e-05,0.00018460974992615722,9.018959166061853e-05,7.905142252048626e-05,0.00014046677647427247,6.268354956694387e-05,0.00011702168180756298,9.530789207137505e-05,0.00015052239616288642,5.1780095370569666e-05,0.00013431108747651404,0.00024898516697537874,7.220237469785924e-05,7.522751795124559e-05,0.00012596106645186287,0.00011343335917207435,0.00013877667753503325,0.00010836844721929875,8.76981737023037e-05,0.0001056649672492005,8.640421071765573e-05,0.000138553228347222,6.791238810131118e-05,6.923005446216802e-05,7.158847209615596e-05
BANKBARODA.NS,0.0002168392243412538,0.00033924141941641593,0.00031743480838453315,0.0002413371690642725,0.00010868619756891165,7.5807970402081e-05,0.00014558131864697503,0.0002994004440791159,0.000122596302921154,0.00026183217818751063,0.00012696555483096003,0.0006939592277130101,0.0004544630824093038,0.00025609105746974176,0.00012165640872249879,0.00042817478543215695,0.00020653948775177977,0.00024665868857645206,0.0005549905325086212,5.015862521552346e-05,0.00023975620976423304,5.837569545927107e-05,0.0002454424772154109,6.376274910095502e-05,6.401390229572427e-05,4.0977608893005377e-05,0.0003683885016464749,0.00024863711860712863,0.00010123334985786617,0.0002108214839015623,9.671721630194924e-05,0.00017295011291692438,0.0001497185101697607,0.0002597255327150461,4.409841131488654e-05,0.00025588950954066685,0.00032719903388765844,8.975397202732248e-05,0.00013976980876609282,0.00024091127495654395,0.00016812330523135742,0.0001996588678226046,0.00018638620999487904,0.0002111547699472217,0.000233754262016233,0.00017712904003073658,0.0004107790611341506,0.00010846277020429892,8.490903470941989e-05,0.0001021095998756558
BANKINDIA.NS,0.000185712035923423,0.0003297966081749218,0.0002840921361047835,0.00020585852746647776,0.00010591578361229076,5.3346528597268415e-05,0.00012767219068987115,0.00022069441973415687,0.0001054196794838564,0.0001921241159644825,0.00013159441838376507,0.0004544630824093038,0.0007839873800562737,0.00020488813637547978,9.621485741591855e-05,0.00035984190213250635,0.00016611045677415872,0.00020853749052916596,0.0004695574130911765,2.5387658348773056e-05,0.0002089766795451217,5.178250680967408e-05,0.00019602672449962533,7.04715264313361e-05,5.670849398085801e-05,2.6349755633622766e-05,0.00028692998325444255,0.00021631741212192488,9.341441883654534e-05,0.00016483601578758827,9.265068423598008e-05,0.00013784689994216984,0.00013602537220956245,0.0002110189167637893,3.227840587001733e-05,0.00017792257460873937,0.0002598782761953504,8.458737676437702e-05,0.00011701146966235631,0.00018071830013781113,0.00013180146775607158,0.00017786567577020656,0.0001305725156513873,0.00016603817075461983,0.00022390749839537127,0.0001593897028499811,0.0003098926698243577,9.060435747891123e-05,7.729137357602844e-05,0.00010122462773355668
BHARATFORG.NS,0.00016824036277645523,0.00026416866332216294,0.00022595344259639796,0.0001740148862455001,0.0001179122402638698,8.49734803407003e-05,0.0001130757715287906,0.0002275734078568741,0.00015620947024559895,0.00023255370572706886,0.00015238282647689967,0.00025609105746974176,0.00020488813637547978,0.0005819624246546165,0.00011374661021135291,0.0003102251885235862,0.00021143203424098253,0.00018383644545562626,0.0002646778938752836,4.091984453958592e-05,0.00018288609436119247,6.246195472556932e-05,0.00020686260573391662,7.093947580099907e-05,7.204653884776378e-05,5.0127274803044235e-05,0.000265899336560507,0.00018363893062674675,0.00010903370755584327,0.00018450106848652892,0.00012027299271583773,0.00014007681898140357,0.00017399408119211227,0.00027456670549209217,4.538501399968776e-05,0.0002010837221425069,0.0003029755272456233,0.0001089006267111278,9.148761107056362e-05,0.00022017431927216438,0.00012608823361204887,0.00020797716324709933,0.00020951078830250776,0.00016707914756279314,0.00020686174136580801,0.00015317945059261664,0.00021751283399295518,8.261277112162548e-05,0.0001004745222012389,0.00011895670528505554
BHARTIARTL.NS,0.00011472877621804887,0.00016452994288018973,0.00015190118476743897,0.00011057273553917534,8.494079914471454e-05,6.981185600925756e-05,0.00012456211912540438,0.00014308330195487754,0.00010833500689460515,0.00014240722903146469,9.790126524484776e-05,0.00012165640872249879,9.621485741591855e-05,0.00011374661021135291,0.00032055211424884025,0.00012652648223310107,0.00010272682705009218,0.0001125855747938831,0.00014762083617270592,6.60788089134151e-05,8.162444248172344e-05,4.6207571446344854e-05,0.00011870529015953768,6.949679067658857e-05,8.045171930768799e-05,6.196829629913379e-05,0.00012887099596009725,0.00010688399512598224,7.051994121913587e-05,0.0001548619336333928,8.765251483463909e-05,0.00010849554399905125,0.0001026513296558729,0.00017019084818736723,6.445593391415336e-05,0.00013914908106780918,0.00020038060625931806,9.23909004445886e-05,8.634209236905012e-05,0.00015830697928046223,0.00011402701560822852,0.00011421902422839593,0.00011762399628783506,9.741359809768567e-05,0.00012007434318674053,0.00010617553765964592,0.00012912518112535078,8.883532456504667e-05,7.823689056121765e-05,8.166373190097706e-05
BHEL.NS,0.00025431710727863026,0.00037419457766639215,0.0003507490878083828,0.0002679098451219388,0.00013597707466547502,0.00010155354449854033,0.0001954870374044166,0.0002604005950439007,0.0001592158569729085,0.0002324726813835167,0.00015910789195197595,0.00042817478543215695,0.00035984190213250635,0.0003102251885235862,0.00012652648223310107,0.0009816283219721187,0.0002286252630150348,0.0002884973048118358,0.0004703209353606504,7.980655599870151e-05,0.0003332612035693242,9.427988201890345e-05,0.00031502261961242656,9.689666258094233e-05,0.00011360235756936939,9.325314676402333e-05,0.0003618133686600155,0.0003296573480156642,0.00012149150726158962,0.00024282549527636696,0.00011386655943215349,0.0001518183662290107,0.0001864544970654941,0.0003255398936638486,4.676017236360295e-05,0.0001994112575707905,0.00033224738536748145,9.256950530406251e-05,0.00016463060052871118,0.0002712198353547135,0.00015961203384411843,0.00024677838027070556,0.00018735309447581315,0.00027510223639929857,0.0003033391774636432,0.00019369435735279257,0.00032457046881487374,0.00013610998098635121,8.444756041239309e-05,0.00012386771005736222
BOSCHLTD.NS,0.00014272339168332446,0.00019223105888426426,0.0001835428581965807,0.00013980225330789543,0.00011274717487238771,9.723415635962646e-05,0.00012849825703934958,0.00019657297585587197,0.00013390637631304527,0.00019492669703237452,0.00013493716731855732,0.00020653948775177977,0.00016611045677415872,0.00021143203424098253,0.00010272682705009218,0.0002286252630150348,0.0003903480282868645,0.0001530304722033677,0.0002304167978217321,5.169659621964865e-05,0.00014257147991033464,7.438468567392894e-05,0.00015289792107307936,8.566620277280167e-05,7.72620500945242e-05,6.0698470549413155e-05,0.00021517385648736037,0.0001455068957919435,0.00011627720403660449,0.00016338012741184886,0.00010964212525447803,0.00013588033077418065,0.00016380753541846217,0.00019112483693627596,6.850633696379328e-05,0.0001763514020373537,0.00023045238262983767,0.00010553550536817869,9.437900198049593e-05,0.00017557978291798544,0.00013069842562719443,0.00015117645548082303,0.00018557446803068605,0.00012984400210159198,0.00014293833538661587,0.00014625057456536342,0.00017473613992022898,8.668277410482573e-05,9.438184244859608e-05,0.00010329062267667432
BPCL.NS,0.00016504928066873257,0.00023297613005903188,0.00020379020681494773,0.00017638507301589955,0.00011343853794034772,9.502086614739711e-05,0.0001425390600336249,0.00018938551131611556,0.00011376150638435266,0.00018224624890263624,0.0001221680967509084,0.00024665868857645206,0.00020853749052916596,0.00018383644545562626,0.0001125855747938831,0.0002884973048118358,0.0001530304722033677,0.0004582591434576706,0.00025414574220557803,5.7044945185251774e-05,0.00020315730791621936,7.962633664789293e-05,0.00022995050370009913,7.663612078269265e-05,9.031254276344458e-05,7.64246277732093e-05,0.00021036469041972854,0.0002442211187550167,8.439256820012649e-05,0.0001822216022104904,9.789722461967198e-05,0.00012594457800355904,0.00012623942049963448,0.00022684280367947483,7.707034316888765e-05,0.00015199153372344936,0.00020494083585766815,0.00010276480710250669,0.00010656460383080111,0.00019333163747274775,0.00010491067862622693,0.00017001295059796475,0.00013656159108010863,0.00018324666091326368,0.00023293979868490528,0.00016405746015741066,0.0002190162029851967,0.00010956693746461998,9.652630052336427e-05,0.00011721901102195289
CANBK.NS,0.00024954451367441445,0.00038493341369955824,0.00035473239104919657,0.0002726196946537317,0.00013139876107331303,8.767208461390911e-05,0.00017257884466236832,0.00033083083900664216,0.00015025199045962028,0.0002833602015702434,0.00017056956892604177,0.0005549905325086212,0.0004695574130911765,0.0002646778938752836,0.00014762083617270592,0.0004703209353606504,0.0002304167978217321,0.00025414574220557803,0.0007223876199659316,6.244418282854022e-05,0.0002494896643844472,7.10373202966206e-05,0.00025787596447529387,8.94496395795693e-05,9.328085681877751e-05,5.48103998815914e-05,0.00040165019343768745,0.00024647146634427944,0.00011542164684090287,0.00023918050588599734,0.00011772478684803691,0.00020658092359289535,0.00017064973947342372,0.0002969666567643437,5.9967325722248046e-05,0.0002892111894640877,0.00038533837534230107,0.0001248453810070155,0.000156855091232561,0.00027322515912443925,0.0001928500154744793,0.00022870248967147395,0.00019405535200408053,0.00022109248246114543,0.00023224202390035895,0.00020806088901283108,0.0004121060046597268,0.00012874077838685816,0.00010597174677177877,0.0001322815887209157
CIPLA.NS,5.591502845119074e-05,5.512281204558189e-05,6.0827774923576106e-05,5.78924960978814e-05,9.037872003723584e-05,4.4949561637614304e-05,0.00018415205764610456,6.227055623241698e-05,5.291525818718261e-05,5.066300147074601e-05,5.702605400597858e-05,5.015862521552346e-05,2.5387658348773056e-05,4.091984453958592e-05,6.60788089134151e-05,7.980655599870151e-05,5.169659621964865e-05,5.7044945185251774e-05,6.244418282854022e-05,0.00030547164034367633,5.3127100786413674e-05,5.95281016408002e-05,6.0154923865499674e-05,6.174500446792473e-05,0.00013053732241484898,0.00013343150785465467,4.4761205011984196e-05,5.046266444613638e-05,5.528146723009906e-05,8.070447820192625e-05,6.048805586649939e-05,2.7333904933699956e-05,5.870817799067095e-05,9.129028701542566e-05,4.6326707215727586e-05,4.415182619275959e-05,6.279148934315057e-05,6.26837943806087e-05,5.033063452162255e-05,8.697671853846453e-05,4.707664902734769e-05,5.85412597207404e-05,5.5305368598043445e-05,6.099784795049191e-05,5.571937800643564e-05,4.447430672996907e-05,4.425251444582302e-05,0.00014019248968396246,5.643854530061203e-05,6.472593556244417e-05
COALINDIA.NS,0.00013369842170705845,0.0002179698331671197,0.00020570837463498658,0.00014107626558766285,8.737758132318927e-05,4.896030906549216e-05,0.0001231598425025465,0.00016569760463137806,8.801016649233746e-05,0.00013903375543126428,9.366376466786e-05,0.00023975620976423304,0.0002089766795451217,0.00018288609436119247,8.162444248172344e-05,0.0003332612035693242,0.00014257147991033464,0.00020315730791621936,0.0002494896643844472,5.3127100786413674e-05,0.0004270689175940134,5.915120734957714e-05,0.000200904845625686,5.341636305189342e-05,7.090339139194333e-05,6.095505883296192e-05,0.00020219718333605965,0.00024073979512708615,6.434251537747824e-05,0.00013321569533576673,9.982747325321729e-05,8.472406126199217e-05,0.00010780617632255003,0.00024792998389483423,2.9755035529750974e-05,0.00012689551189581913,0.00017022582441070214,7.189726066273722e-05,0.00010441659707055516,0.00020442898177790877,8.956052431360378e-05,0.00014670775289607325,0.00010680764622784108,0.00021577746478370691,0.0002841825733557779,0.00014397579136967535,0.00018508501509453026,8.254002059910317e-05,7.19683034819661e-05,0.00010841200925864695
COLPAL.NS,7.91455687164278e-05,9.365604439964534e-05,7.426741800099195e-05,8.283585554070565e-05,7.066514067671292e-05,8.333840989442037e-05,9.924520337817433e-05,7.010361792642017e-05,6.917358165097105e-05,7.879619348065018e-05,5.257500521580854e-05,5.837569545927107e-05,5.178250680967408e-05,6.246195472556932e-05,4.6207571446344854e-05,9.427988201890345e-05,7.438468567392894e-05,7.962633664789293e-05,7.10373202966206e-05,5.95281016408002e-05,5.915120734957714e-05,0.00020604960088059816,8.625484437033399e-05,9.84122819898962e-05,7.764638293670025e-05,6.204844651402073e-05,7.591097551712718e-05,6.055625122838476e-05,0.00010021403020451283,8.166154215940492e-05,6.252102175423587e-05,4.267860367011402e-05,8.717499892918435e-05,7.960483456562e-05,9.91129580928469e-05,5.4224953645365856e-05,9.49382880854973e-05,5.3326356253480686e-05,5.7530021559005964e-05,7.33516125292851e-05,5.192612261747619e-05,5.638857573526401e-05,6.837076790059912e-05,5.4655620697755723e-05,5.88831883679676e-05,6.761181505720168e-05,5.483622236469314e-05,5.668614567015519e-05,5.1488024913812196e-05,6.696118769215533e-05
CONCOR.NS,0.00020552213682186203,0.00025939472808677157,0.00023180590262022457,0.00022572643981442304,0.00012911624827550899,0.00010111765946873278,0.0001460182699317361,0.0002129374961931393,0.00013421643861146666,0.0002040848472021821,0.00013490366809070132,0.0002454424772154109,0.00019602672449962533,0.00020686260573391662,0.00011870529015953768,0.00031502261961242656,0.00015289792107307936,0.00022995050370009913,0.00025787596447529387,6.0154923865499674e-05,0.000200904845625686,8.625484437033399e-05,0.0005372124942482771,9.167779472749378e-05,8.329252030222822e-05,8.059058097603787e-05,0.00024904291622762555,0.00024538436456385303,0.0001060778773157026,0.00019166242719184087,9.182420447227606e-05,0.00013079873417141933,0.00014584979622256851,0.00021452987461026486,7.113063355042074e-05,0.00017121781345111518,0.000256722050911735,9.948170634776381e-05,0.00011646011863597707,0.00018967310952104245,0.00013798713674930402,0.00017174922635030144,0.000152005999636679,0.00017419486617472113,0.00020576565088803965,0.0001524845647155398,0.00021501463068315484,8.949957127892173e-05,8.892065792332767e-05,0.00013143217446466712
DABUR.NS,8.19523833729222e-05,0.00010782510441727256,8.395055948707006e-05,7.562592128308424e-05,9.040349199448008e-05,9.999537132221902e-05,0.00011314543974677914,9.866597318225863e-05,7.536885771291908e-05,9.768686900304763e-05,6.460305325684422e-05,6.376274910095502e-05,7.04715264313361e-05,7.093947580099907e-05,6.949679067658857e-05,9.689666258094233e-05,8.566620277280167e-05,7.663612078269265e-05,8.94496395795693e-05,6.174500446792473e-05,5.341636305189342e-05,9.84122819898962e-05,9.167779472749378e-05,0.0002129163345324267,9.264830158118972e-05,7.086206848885411e-05,0.00010490413326536577,5.861572629467102e-05,0.00015180172078328036,0.0001055543968175674,8.660975159117806e-05,6.854274591884379e-05,9.4839621013037e-05,0.00010423109737250065,0.0001249989516546403,7.940317831399154e-05,0.00013591829774091963,7.781232945112799e-05,7.731015250848223e-05,9.394239333456344e-05,7.043056096648625e-05,7.483338416142113e-05,8.934380226146481e-05,5.350952234694769e-05,4.5424134553909976e-05,7.773899676464496e-05,6.708778239392104e-05,7.373335706466331e-05,6.620074812202033e-05,7.577042452230595e-05
DIVISLAB.NS,8.269687381605568e-05,0.00013493924099770987,0.00010122549611339342,8.380779484481787e-05,0.00012313371539454508,9.232333119202834e-05,0.00018252066444113344,8.08547055410971e-05,8.513023217309188e-05,9.388675992504981e-05,6.365275690780418e-05,6.401390229572427e-05,5.670849398085801e-05,7.204653884776378e-05,8.045171930768799e-05,0.00011360235756936939,7.72620500945242e-05,9.031254276344458e-05,9.328085681877751e-05,0.00013053732241484898,7.090339139194333e-05,7.764638293670025e-05,8.329252030222822e-05,9.264830158118972e-05,0.00034197505322856685,0.00012399999605891332,7.641186296475136e-05,8.304754620247295e-05,8.093502359919188e-05,0.00010961081137285524,9.873992352194841e-05,6.960942091582035e-05,8.426992410964521e-05,0.00014648827139456306,7.610049922586149e-05,7.487285703194138e-05,9.557057342376682e-05,8.959841204226046e-05,6.693155378083946e-05,0.00013676796839125384,7.325044245328551e-05,8.439007167274066e-05,7.78972489171757e-05,8.019246508237007e-05,7.176118363787096e-05,8.016133971279256e-05,8.137981480426312e-05,0.00012392947340925662,7.879110585105309e-05,9.850065304762693e-05
DRREDDY.NS,6.534573578794464e-05,8.221085183387677e-05,7.124464489596786e-05,6.117265538890207e-05,9.36208873212091e-05,6.396255930424525e-05,0.00017099163532072675,6.955871331401514e-05,6.344079024187255e-05,5.53589006869174e-05,3.953010946826433e-05,4.0977608893005377e-05,2.6349755633622766e-05,5.0127274803044235e-05,6.196829629913379e-05,9.325314676402333e-05,6.0698470549413155e-05,7.64246277732093e-05,5.48103998815914e-05,0.00013343150785465467,6.095505883296192e-05,6.204844651402073e-05,8.059058097603787e-05,7.086206848885411e-05,0.00012399999605891332,0.0002571353613515779,4.989680458435432e-05,7.64855873567882e-05,6.144964596318328e-05,9.552578825452915e-05,7.978632657238332e-05,4.275004203068676e-05,6.806565001963346e-05,0.00010232275953276912,7.575584302780697e-05,5.398059764266182e-05,6.582541260614077e-05,7.917377456371854e-05,4.8103610034865006e-05,9.391554349667254e-05,4.4099944820887976e-05,6.149216821397882e-05,6.123675003529056e-05,6.577740332631362e-05,6.628822637023248e-05,7.867766930664519e-05,5.534232015546716e-05,0.00011477359566502614,6.388108656612621e-05,9.212228159868135e-05
FEDERALBNK.NS,0.0001986333867697887,0.0002628416595069185,0.0002381248454708079,0.00019866839321198773,0.00012437066499988435,0.00010449838846992557,0.00016154242679821903,0.000345158281967426,0.0001532454788115226,0.00029638488729175896,0.00018460974992615722,0.0003683885016464749,0.00028692998325444255,0.000265899336560507,0.00012887099596009725,0.0003618133686600155,0.00021517385648736037,0.00021036469041972854,0.00040165019343768745,4.4761205011984196e-05,0.00020219718333605965,7.591097551712718e-05,0.00024904291622762555,0.00010490413326536577,7.641186296475136e-05,4.989680458435432e-05,0.0005654699212536998,0.0001943850819757741,0.00011659623265062352,0.0002233007607555793,0.00010284432729512912,0.00020197653390824325,0.00015583588857159846,0.0002708981487965116,6.812947203626722e-05,0.00029257046907181874,0.00044271602265362535,0.00011775471918180375,0.00013122965794042668,0.00024026216992506353,0.00020056384708710322,0.0002170173773035577,0.0001806467830016155,0.00017398923714123128,0.00020200066582984897,0.00016620913410464978,0.00031741869616771525,0.00011059718262986726,8.965883437105154e-05,0.00011198169505942959
GAIL.NS,0.00016579480413540107,0.00022907035204953978,0.00019980897298690401,0.00017540675123739038,0.00010888248284453766,5.359141899891968e-05,0.00013496924114712972,0.0001567922979171084,0.00010603984216618728,0.00015986527147235214,9.018959166061853e-05,0.00024863711860712863,0.00021631741212192488,0.00018363893062674675,0.00010688399512598224,0.0003296573480156642,0.0001455068957919435,0.0002442211187550167,0.00024647146634427944,5.046266444613638e-05,0.00024073979512708615,6.055625122838476e-05,0.00024538436456385303,5.861572629467102e-05,8.304754620247295e-05,7.64855873567882e-05,0.0001943850819757741,0.0005131554141167708,8.007819865723009e-05,0.0001520437106138953,0.00010763034724258874,9.468758202269916e-05,0.00012218133481817122,0.0002614555783293992,4.331723067880809e-05,0.0001330522958891843,0.00018348326141084769,8.275121842342065e-05,0.00011600609036006261,0.0002208693724953657,9.466883212792852e-05,0.00015848113179595355,0.00012186166153933096,0.00021492964979159235,0.000336981636563303,0.00015040712101014643,0.0002060857397699001,9.637641544711265e-05,8.447866780958838e-05,0.00011888646634748277
GODREJCP.NS,8.495081466859982e-05,0.00012476025864343625,0.00011469572314018398,8.622920214102052e-05,8.147267819414756e-05,9.716166489882289e-05,9.816364057783312e-05,0.00011912598022571079,8.661901823627752e-05,0.0001136872977307066,7.905142252048626e-05,0.00010123334985786617,9.341441883654534e-05,0.00010903370755584327,7.051994121913587e-05,0.00012149150726158962,0.00011627720403660449,8.439256820012649e-05,0.00011542164684090287,5.528146723009906e-05,6.434251537747824e-05,0.00010021403020451283,0.0001060778773157026,0.00015180172078328036,8.093502359919188e-05,6.144964596318328e-05,0.00011659623265062352,8.007819865723009e-05,0.00037329932313053004,0.00011220721969345844,9.384843088728112e-05,7.811162940039856e-05,0.00011335223555659716,9.18371977259889e-05,0.00012098273865075147,9.715362634886193e-05,0.0001163166757823516,8.127482010923665e-05,8.27317894469764e-05,8.922324056403771e-05,8.723094101513866e-05,9.18582084201146e-05,0.00012340262502619592,6.052585758577148e-05,6.897599885431768e-05,8.747134564874649e-05,8.682188655277844e-05,7.52138598324158e-05,7.347187938726903e-05,8.704905207378566e-05
GRASIM.NS,0.00019598341484883182,0.00023087574516262173,0.00021372333254754167,0.0002080676697708992,0.00013016906792860406,0.0001231623650551764,0.00018122886531564078,0.0002334923740046967,0.0001300075543810303,0.0002296367877324469,0.00014046677647427247,0.0002108214839015623,0.00016483601578758827,0.00018450106848652892,0.0001548619336333928,0.00024282549527636696,0.00016338012741184886,0.0001822216022104904,0.00023918050588599734,8.070447820192625e-05,0.00013321569533576673,8.166154215940492e-05,0.00019166242719184087,0.0001055543968175674,0.00010961081137285524,9.552578825452915e-05,0.0002233007607555793,0.0001520437106138953,0.00011220721969345844,0.0003713024177067252,0.0001019898014836697,0.00015469648462424377,0.00014728620377727516,0.000268637514039246,9.675087292625716e-05,0.00019782664896231302,0.00024882438649141843,0.00010927432358136487,0.0001119468327216454,0.00024347276001315945,0.0001465458671812067,0.00017824402352564805,0.000169674450814382,0.00013969485908988088,0.00015350584844787076,0.00015595747570050101,0.0002104969593806807,0.00012119288493175964,0.00010164633254006543,0.0001153821658400257
HCLTECH.NS,9.308318312991283e-05,0.00014722922205309566,0.00013076766671719713,9.059670182134691e-05,0.00010254115167014964,7.932050337014306e-05,9.900918881853188e-05,0.00010664090612892291,7.791644343275851e-05,0.00012081419526471945,6.268354956694387e-05,9.671721630194924e-05,9.265068423598008e-05,0.00012027299271583773,8.765251483463909e-05,0.00011386655943215349,0.00010964212525447803,9.789722461967198e-05,0.00011772478684803691,6.048805586649939e-05,9.982747325321729e-05,6.252102175423587e-05,9.182420447227606e-05,8.660975159117806e-05,9.873992352194841e-05,7.978632657238332e-05,0.00010284432729512912,0.00010763034724258874,9.384843088728112e-05,0.0001019898014836697,0.00030502782730573285,8.795898880777901e-05,9.347947867215963e-05,0.00018150612174148018,8.191677099400713e-05,0.00010327124564540901,0.00012173280693074442,0.00021137407327984114,6.425466885797423e-05,0.00014708241378422692,8.716688798044345e-05,9.821651028984297e-05,0.0001072125431217342,8.831858935769149e-05,0.0001209725892462501,0.00012168785555446678,9.636817648374972e-05,8.212008889968718e-05,0.0001737180558413465,0.00019704598439161363
HDFCBANK.NS,0.00012115112478369143,0.00017383758707404474,0.00016772165722126324,0.0001205702666396539,8.989858783274122e-05,8.695623397619244e-05,0.0001026504693824927,0.00021290243171986445,0.00010935723689898225,0.00019469520160308345,0.00011702168180756298,0.00017295011291692438,0.00013784689994216984,0.00014007681898140357,0.00010849554399905125,0.0001518183662290107,0.00013588033077418065,0.00012594457800355904,0.00020658092359289535,2.7333904933699956e-05,8.472406126199217e-05,4.267860367011402e-05,0.00013079873417141933,6.854274591884379e-05,6.960942091582035e-05,4.275004203068676e-05,0.00020197653390824325,9.468758202269916e-05,7.811162940039856e-05,0.00015469648462424377,8.795898880777901e-05,0.00029474952447479516,0.00012132765353142876,0.00018107732913766022,6.29636761777991e-05,0.0002194167106118708,0.00024917529310278637,0.00010774030170788065,8.118846942189178e-05,0.00016550897926650616,0.0001943246959788007,0.00015419958622244528,0.0001356505606521197,0.00010067038049747735,8.567706141532579e-05,0.00014197637770480673,0.00018710959962445193,7.315330219085912e-05,8.306270664948669e-05,9.390149175498095e-05
HEROMOTOCO.NS,0.00012572758486854456,0.00016704861052535625,0.0001507822039481706,0.00012870209804176908,0.00010489305016892838,9.887979063485597e-05,0.00011118086351293374,0.00015522212009303033,0.00018956915877488284,0.0001579378600479526,9.530789207137505e-05,0.0001497185101697607,0.00013602537220956245,0.00017399408119211227,0.0001026513296558729,0.0001864544970654941,0.00016380753541846217,0.00012623942049963448,0.00017064973947342372,5.870817799067095e-05,0.00010780617632255003,8.717499892918435e-05,0.00014584979622256851,9.4839621013037e-05,8.426992410964521e-05,6.806565001963346e-05,0.00015583588857159846,0.00012218133481817122,0.00011335223555659716,0.00014728620377727516,9.347947867215963e-05,0.00012132765353142876,0.0003556082455512203,0.00016884661143153269,8.027821900321543e-05,0.00014003095991744037,0.00019468815369770557,9.514914277374513e-05,8.846638192520432e-05,0.00015082207316234353,0.00012249545327045117,0.00012771076955936722,0.000183088186213565,9.617828424231844e-05,0.00011529006413398855,0.00012291450930121016,0.00012996947065000144,8.100800254806657e-05,8.413569600082243e-05,0.00010635430937923052
HINDALCO.NS,0.00021124978687045277,0.0002764841726105408,0.00026395728207750924,0.00020978668172201746,0.0001550414172723004,0.00010640133510300504,0.00021524923802452184,0.00026887389737883784,0.00015415349216424444,0.0002586809941984232,0.00015052239616288642,0.0002597255327150461,0.0002110189167637893,0.00027456670549209217,0.00017019084818736723,0.0003255398936638486,0.00019112483693627596,0.00022684280367947483,0.0002969666567643437,9.129028701542566e-05,0.00024792998389483423,7.960483456562e-05,0.00021452987461026486,0.00010423109737250065,0.00014648827139456306,0.00010232275953276912,0.0002708981487965116,0.0002614555783293992,9.18371977259889e-05,0.000268637514039246,0.00018150612174148018,0.00018107732913766022,0.00016884661143153269,0.0006795646308927127,8.403400546708267e-05,0.0002424645248653716,0.00029943772042881534,0.00016670628333213258,0.00013234450514551472,0.0004114406355959236,0.00016147291748675979,0.0002236244887094716,0.00020500622415068806,0.0001979398608135622,0.00028989058974982027,0.00020407511541587492,0.0002637183338022476,0.00016025945136858124,0.0001462603651748234,0.0001766063721306775
