,ACC.NS,ADANIPORTS.NS,AMBUJACEM.NS,ASIANPAINT.NS,AXISBANK.NS,BAJAJ-AUTO.NS,BANKBARODA.NS,BHARTIARTL.NS,BHEL.NS,BOSCHLTD.NS,BPCL.NS,CIPLA.NS,COALINDIA.NS,DRREDDY.NS,GAIL.NS,GRASIM.NS,HCLTECH.NS,HDFCBANK.NS,HEROMOTOCO.NS,HINDALCO.NS,HINDUNILVR.NS,ICICIBANK.NS,INDUSINDBK.NS,INFY.NS,ITC.NS,KOTAKBANK.NS,LT.NS,LUPIN.NS,M&M.NS,MARUTI.NS,NTPC.NS,ONGC.NS,PNB.NS,POWERGRID.NS,RELIANCE.NS,SBIN.NS,SUNPHARMA.NS,TATAPOWER.NS,TATASTEEL.NS,TCS.NS,TECHM.NS,ULTRACEMCO.NS,VEDL.NS,WIPRO.NS,ZEEL.NS
ACC.NS,0.0045456128678409684,0.0034768327622489784,0.004212336380518824,0.001723142632632811,0.0020774646445477153,0.0017358872237557448,0.0031010491203839127,0.0026524992582503243,0.0035635127400604092,0.002477191530054568,0.0034397615829878324,0.0006338940794448154,0.0005928198937135974,0.0003259339439274278,0.0018945124319608036,0.0029504209860522924,0.0007457499417141991,0.0015164599640200204,0.0022668127053068164,0.00334819882128354,0.001074671300733465,0.002007318736300435,0.0025032740350209785,0.0004482879129003216,0.0021316296266560408,0.0016737710884761098,0.002733534083237509,7.500436712876558e-05,0.0018717945013771603,0.00223093397824694,0.0012232317729675725,0.0018362920924480377,0.004504083501698248,0.0013372140105574496,0.002445395176183351,0.002772745373915245,0.0003150104993194702,0.0018411674939820062,0.0015510329658627114,0.001445473819089787,0.00020218962953132393,0.003535263541071789,0.003100782046353455,0.0009736297886836781,0.0008676321730771512
ADANIPORTS.NS,0.0034768327622489784,0.009338835068997322,0.003945776002780483,0.00133821597295946,0.0018486871439951588,0.0018873953333736731,0.005341432044635216,0.0026835607401351864,0.006058885659490407,0.0026345110221242286,0.003953859562031568,0.0015086027722453204,0.0016276462761532222,0.000674993390326344,0.0016526714353172806,0.002976634674040553,0.0003315619969292382,0.0021351402999734443,0.0026031573987501592,0.004221291751745348,0.0017569271255197983,0.003915071621632529,0.002594508706177822,-8.955711400715689e-05,0.0025329227996661436,0.0031296865159354415,0.003155804736195143,-0.0004480896512512912,0.0017163123115532745,0.0030576507651051627,0.0010076777267724747,0.002840724767484648,0.007923063829614415,0.0013497631670690846,0.0023176797089175857,0.004670854871266766,-7.762009202793453e-06,0.003184156378131383,0.003699068092170904,0.001731241726915317,0.0003210745278375471,0.0041740697037574,0.005330895863279007,2.8025412338676136e-05,0.0005941529663417752
AMBUJACEM.NS,0.004212336380518824,0.003945776002780483,0.005136054688169124,0.001608802307864749,0.0021645793174294116,0.0021330847772090948,0.0026934728881813945,0.00290077096523674,0.0038722456120610315,0.003159150474906488,0.0031019519928769334,0.0011605788202524738,0.0008644296278328626,0.00046889760817925015,0.0018001884767275724,0.0030509459133503994,0.000883487968531903,0.0014472042846432813,0.0028103265921830783,0.003885588086027052,0.00127852869990936,0.0019870198046398726,0.0029225167822505044,0.00035247692217603,0.0022022413794346085,0.0015140061035809503,0.0025791216471481183,-0.0005118578979232833,0.0017228950891850206,0.0025742889952837336,0.0013924534311820886,0.0014620034815731192,0.004243993377567947,0.00155105995597404,0.0025400688785235815,0.002603738244213228,0.0006420747827753393,0.0019382137206039882,0.0020380359929868183,0.0014131031524366906,0.0004331122427548893,0.0037963834065305995,0.003689571596577795,0.0008523370732134957,0.001398818218664743
ASIANPAINT.NS,0.001723142632632811,0.00133821597295946,0.001608802307864749,0.0034545316615360324,0.0012639317365556642,0.000853225513617931,0.0021168143857516674,0.0009383954059925852,0.001677847379573607,0.0012701652035645218,0.002110163802095067,8.682250540834498e-05,7.21342463048038e-05,-0.00013119582211827994,0.0005020553297409956,0.001049062684380638,0.0002568954714769582,0.0013348957645040551,0.0015202015316540373,0.0010187041579283647,0.0010318001232861277,0.0007846398728964779,0.002051876540043062,0.00048543039426689763,0.0011458590554513832,0.0013316215070120962,0.001210613423176337,-0.0007506288824512927,0.0014147039628225873,0.001809528703134994,-0.000315082844618784,7.029568828444403e-06,0.0024595422214162507,0.000719999804695048,0.0013841054542244587,0.0013999546914665788,-3.334274533085439e-05,0.00045029961764073525,-0.00035294953190798285,0.0005638631149740318,0.0002977966821433086,0.0016238504333734017,-0.00014025457037615923,0.0001351377698598839,0.0012642277452402783
AXISBANK.NS,0.0020774646445477153,0.0018486871439951588,0.0021645793174294116,0.0012639317365556642,0.004754374348119675,0.001714812796272186,0.0032656145877909587,0.0014087955747167757,0.004417253453319877,0.002494755248418727,0.002284201769108469,0.00048185471380901774,0.001923184209965839,0.0004933949739377715,0.0017962219327972001,0.001766400476871751,0.0007285931580432256,0.0019228480268577866,0.0013175051850366115,0.003025846742633301,0.0009908801127139996,0.0029855417875974473,0.002080753181048731,0.0006457168966641282,0.0016670428509984701,0.001495469683240441,0.0024852830840668616,-0.0007987513193776479,0.0017134295971385283,0.002152835173271132,0.0011917471463805018,0.0021803662639677188,0.004406366172562449,0.0010872906963877522,0.0021579407717567645,0.0037919520434836615,2.8362268410399494e-05,0.0017717292474820642,0.0017058766469800152,0.0015743984204022697,0.0018654203296939852,0.001721836200716888,0.00239706992140859,0.0009574402885154293,-0.00012396589294049628
BAJAJ-AUTO.NS,0.0017358872237557448,0.0018873953333736731,0.0021330847772090948,0.000853225513617931,0.001714812796272186,0.004090142715617658,0.0004413282921938087,0.0018066105685382204,0.003241239947527889,0.001605207694216687,0.002209419903724229,0.001304428220226058,0.0013794610455668437,0.0010766207083419217,0.0022556869477998553,0.0018241976483451639,0.0006440491545683905,0.0014352129356096383,0.0026361094366096557,0.0027720268880902766,0.0011785590269062958,0.001322564089456455,0.0015130092979221562,-0.000310955432785899,0.0007991557153599427,0.0012181101112410675,0.0017386943576086996,-0.0005421638656968022,0.0014518944511690474,0.0027290060912007253,0.0008843670318421621,0.0024673297704184754,0.0024421698928964084,0.00043597024076041203,0.0020069758338162043,0.0015335389354850773,0.0005487444269013325,0.001742882742071696,0.0017460122429073393,0.0009658596251378839,0.0006936255358648197,0.0025244781353663034,0.0018877104853893655,0.00014327907493044586,0.0022185377066649865
BANKBARODA.NS,0.0031010491203839127,0.005341432044635216,0.0026934728881813945,0.0021168143857516674,0.0032656145877909587,0.0004413282921938087,0.014432376719169322,0.002623301576280769,0.006219839514841275,0.002587576296140481,0.002369066690390018,0.0009242517154451625,0.002253943725234324,-0.0007385715191902066,0.0021025478366501213,0.0017776438798151374,-6.243142878498758e-05,0.0015947508817436556,0.0007655989598631611,0.002041854504642934,0.000970287878085184,0.004035835409515017,0.003436684441873693,-0.0006461428126634779,0.002231872496355716,0.0017615502028628263,0.0029572337613492164,-0.0018397772825760313,0.003059722446860391,0.002281742169422561,0.001389227506488146,0.002349369158339233,0.013329717746458615,0.0021463841550953553,0.0019595137110158243,0.007454273025217431,-0.0010202187884841062,0.0038511441016431027,0.0006083783798722737,-0.0005486947449726477,0.0005563032887074744,0.002263010634576846,0.0011582851886614137,-0.0002930548926200216,0.0005717698264750332
BHARTIARTL.NS,0.0026524992582503243,0.0026835607401351864,0.00290077096523674,0.0009383954059925852,0.0014087955747167757,0.0018066105685382204,0.002623301576280769,0.006450465643434819,0.00266335747682611,0.0016347076852712048,0.003168703431281269,0.0012268891996958767,0.00030373128520674387,0.000847704025932266,0.001158120421742543,0.0027314451666340645,-0.00030077333386595734,0.0009920307806742948,0.002043936961750767,0.0033884558855675137,0.0014955328344794841,0.0016214849130181176,0.0017547068800267875,-3.732345780834255e-05,0.0001973626507431752,0.0011951403479095047,0.0015312796098843988,0.0005012073664996569,0.0014137189360622754,0.001742097784732061,0.0004136526738550808,0.0014371378693304449,0.004248860820707132,0.00023376240062103484,0.0022081329267142095,0.0025954973416823586,0.0009602234196016197,0.0012961905242142376,0.002508232287943175,0.0003259724878969003,-0.0005762436025930695,0.0031712233299158016,0.0028934089941370484,0.00040543649157087446,0.0008038294708956266
BHEL.NS,0.0035635127400604092,0.006058885659490407,0.0038722456120610315,0.001677847379573607,0.004417253453319877,0.003241239947527889,0.006219839514841275,0.00266335747682611,0.012547839304181348,0.004243068286215417,0.004278902408543392,0.0027339764535982106,0.0037738898139118167,0.0005848745234826208,0.004269868451815824,0.004542101072160966,0.0008607998476839709,0.0029245980349208995,0.0019939209916839877,0.005084076303613288,0.0016173895900116815,0.004943240881979646,0.0033778143755902558,-0.0002260588743179463,0.0023821875204899554,0.0024761198416481897,0.004378325777108532,-0.00015402481573678026,0.0033927461515717884,0.003978045430189157,0.0032445966224645506,0.004965321998033787,0.011171824743786002,0.002893882263244945,0.003728252355926555,0.0065883123366390775,0.0015096269786753162,0.003848659495061204,0.0038010413989452963,0.0022765531544457055,0.0030720118424059735,0.0042697655650364135,0.0055998757922378056,0.0012077550023959199,0.002600271550109107
BOSCHLTD.NS,0.002477191530054568,0.0026345110221242286,0.003159150474906488,0.0012701652035645218,0.002494755248418727,0.001605207694216687,0.002587576296140481,0.0016347076852712048,0.004243068286215417,0.005609328674447532,0.0016212076226354971,0.0017244899895343193,0.0018921780778485375,0.0010905183562986364,0.001248243383998235,0.002132604315211029,0.0014849811900469584,0.0009910610209042242,0.002088103527574883,0.003767887403487862,0.0010845570546862162,0.0025052092509392707,0.0018487177242038394,0.0007005931876764996,0.0020936754488785412,0.0008831584247783885,0.0022591748615679347,7.935691760247704e-05,0.00122841127283422,0.0020641036469340925,0.0013569545799065432,0.0017668322455245862,0.003377337308565808,0.0013657493965516015,0.0015736797496030705,0.003173185769207347,0.0009860618443076614,0.0013702093611079001,0.0018472238269889498,0.0017702676008662934,0.0015785834714312388,0.002713717843936523,0.002577862884465313,0.0016609971449497002,0.0015393063648242865
BPCL.NS,0.0034397615829878324,0.003953859562031568,0.0031019519928769334,0.002110163802095067,0.002284201769108469,0.002209419903724229,0.002369066690390018,0.003168703431281269,0.004278902408543392,0.0016212076226354971,0.008963162447761458,-0.0002478788197237353,0.0015304735539761849,-0.0005517529742374849,0.0033352355349182583,0.003087521727331947,-0.0002818558495486706,0.002624716564148719,0.002981621365811157,0.002791460710759249,0.0012978191763755673,0.0017684088168602808,0.003208634593127712,-0.0008775733974484997,0.0010831735588534817,0.001834525584371411,0.0026790319061822765,-0.0007336245484043809,0.0023292610847852496,0.004061801703201682,0.0012726575408704816,0.0035863153082050106,0.004954417436210267,0.0011771024432652222,0.002820527769804371,0.002980215098014866,-0.0014896836253286566,0.0006758677476630294,0.001391898703131233,0.0006222253547632663,9.04016076669459e-05,0.003380679875597745,0.003363757900213583,0.000523259109374021,-0.0004024371599747772
CIPLA.NS,0.0006338940794448154,0.0015086027722453204,0.0011605788202524738,8.682250540834498e-05,0.00048185471380901774,0.001304428220226058,0.0009242517154451625,0.0012268891996958767,0.0027339764535982106,0.0017244899895343193,-0.0002478788197237353,0.004799042861152452,0.0007867834325720875,0.0017897787095264319,0.0002555574617805799,0.001495075383437291,0.0012547228666123836,-0.00013146542392195753,0.0005334923803991964,0.0018128943440277876,0.00020415051279687577,0.00042728566859036895,0.00020077150928356696,0.00031705594930397913,0.0002395393610106568,-3.700065106728143e-05,-0.00044290367829497474,0.0018474038703773215,0.0004134394304350263,0.000682080552040846,0.0009309473359381965,0.0015652889661768605,0.0022006435033145675,-1.4948858477508734e-05,0.0013522634812689282,0.0009695293875442555,0.0029294305736100143,0.00026232446491420016,0.001676770239027372,0.0013801788638627573,0.0005494306905275114,0.0013032968968240658,0.0014118287563103667,0.0012354179850193635,0.0015411144911912477
COALINDIA.NS,0.0005928198937135974,0.0016276462761532222,0.0008644296278328626,7.21342463048038e-05,0.001923184209965839,0.0013794610455668437,0.002253943725234324,0.00030373128520674387,0.0037738898139118167,0.0018921780778485375,0.0015304735539761849,0.0007867834325720875,0.004507512254605177,3.73028945252135e-05,0.00214672277166586,0.0012320331237862696,0.0007336265583564327,0.00113490982180763,0.0005375734913574001,0.0024077548483536146,0.0002940733517192613,0.0015243981048514773,0.0011335458491617146,-0.00035400326227321327,0.0007922291452745412,0.0012830724378206182,0.0020127156934510596,0.0001493280285624759,0.0016712024382604601,0.0009536108522510296,0.0016604176428497808,0.003025799554732978,0.0029013399810289067,0.0011434565803024165,0.0012715571272715876,0.00223999485987195,-0.0003817236321554757,0.0012440779479611995,0.0015605270935022122,0.0008988604935403441,0.0012536434816287818,0.0015422592522053803,0.002347476068001731,0.00033119508491655025,0.00033964997156141316
DRREDDY.NS,0.0003259339439274278,0.000674993390326344,0.00046889760817925015,-0.00013119582211827994,0.0004933949739377715,0.0010766207083419217,-0.0007385715191902066,0.000847704025932266,0.0005848745234826208,0.0010905183562986364,-0.0005517529742374849,0.0017897787095264319,3.73028945252135e-05,0.00581988825825618,-0.0010819696633103633,-6.388944325876036e-05,0.0007258960098235002,-0.0004219838447186866,-0.00014541568070290212,0.00035274083834960766,-0.0004048901049161525,-0.00017130139051162497,-0.0005433939784957399,0.000983054338593744,0.00018321874986916684,0.00016242035111001745,-0.00011742639286127233,0.0023308787279257503,-0.0009775062962304002,8.606359852837985e-06,-0.0003226006795464738,0.0002451468969453085,-0.0006401580980459259,-0.0006774316454412818,-8.19818304302595e-05,-0.0006365567586596708,0.0027688057325372046,-0.0002337175228337775,-0.00031217626664272526,0.0002961893054842856,-0.0001473251929288946,0.0011715349847771827,-0.0006325521715636221,0.00019753391759286235,-0.0002622932908258638
GAIL.NS,0.0018945124319608036,0.0016526714353172806,0.0018001884767275724,0.0005020553297409956,0.0017962219327972001,0.0022556869477998553,0.0021025478366501213,0.001158120421742543,0.004269868451815824,0.001248243383998235,0.0033352355349182583,0.0002555574617805799,0.00214672277166586,-0.0010819696633103633,0.005940872895975991,0.0017939914613012077,0.00012651469079769353,0.0015300031630746797,0.0018487279417265,0.002324197509282929,0.0008140670698894096,0.001953450043014598,0.0016041382134562613,-0.0001254371489055636,0.0009567105351327175,0.001139207342145231,0.002020764544939786,-0.0013467131820966908,0.0020838591877286707,0.0026780962529714676,0.0017489958091107703,0.0038170369199922297,0.004256239879494694,0.001003836418537397,0.002257000013312271,0.0026592785152283306,-0.0006513682082461906,0.0018826389476280351,0.001719103006519646,0.0008295889125673009,0.0017173909309143734,0.0019922012900798155,0.002318638047622157,0.0008159650134668756,0.0007200354759916131
GRASIM.NS,0.0029504209860522924,0.002976634674040553,0.0030509459133503994,0.001049062684380638,0.001766400476871751,0.0018241976483451639,0.0017776438798151374,0.0027314451666340645,0.004542101072160966,0.002132604315211029,0.003087521727331947,0.001495075383437291,0.0012320331237862696,-6.388944325876036e-05,0.0017939914613012077,0.004666992216998986,0.00027438810889185726,0.0016988246140474455,0.002236924537260974,0.0031056142812717165,0.0009396901227187001,0.0016375927406935447,0.002287714264545353,-0.0003242867845474203,0.001589498358893918,0.00123435120885957,0.002098092953345954,-0.00025350170974040116,0.0022136458445402764,0.0024919619386752126,0.0013650125740927923,0.002130436009228348,0.0035661804481330736,0.0009352066082157457,0.0023446314413505145,0.0024489168971000975,0.00030775482704415135,0.0014703644695251562,0.0031377227570867426,0.0012157444507132622,0.0011185250778234495,0.0031975514582803645,0.003261195511876477,0.0008231641504619743,0.001399189069766202
HCLTECH.NS,0.0007457499417141991,0.0003315619969292382,0.000883487968531903,0.0002568954714769582,0.0007285931580432256,0.0006440491545683905,-6.243142878498758e-05,-0.00030077333386595734,0.0008607998476839709,0.0014849811900469584,-0.0002818558495486706,0.0012547228666123836,0.0007336265583564327,0.0007258960098235002,0.00012651469079769353,0.00027438810889185726,0.0034644777107935027,-5.372029516090206e-07,0.0006015445490872002,0.00020385186460037733,0.00025260946377221865,0.00019587632839631935,0.0002508398421276951,0.0014373861677407845,0.0008719646293826873,-0.00024707116995137255,0.0001511059614607736,0.0010023077334396946,0.0008670657723823602,0.0005313682377886638,0.00010503078306681663,0.0006070453524206678,7.049014627259626e-05,0.0001993901947233644,0.0006873057115334853,0.00011562445466252039,0.0010612056538495782,-0.00032780139235399577,-0.0007023321426124101,0.002128285764601312,0.0015451488532835977,0.0007760334090175574,-0.0004966229554810577,0.0019534783596298106,0.00029893183557536747
HDFCBANK.NS,0.0015164599640200204,0.0021351402999734443,0.0014472042846432813,0.0013348957645040551,0.0019228480268577866,0.0014352129356096383,0.0015947508817436556,0.0009920307806742948,0.0029245980349208995,0.0009910610209042242,0.002624716564148719,-0.00013146542392195753,0.00113490982180763,-0.0004219838447186866,0.0015300031630746797,0.0016988246140474455,-5.372029516090206e-07,0.002309849967096834,0.0014835612014847076,0.0017595913943482652,0.0008037538387691734,0.0017127865311257547,0.0027559183795377185,0.0002713382654756953,0.0010505242127732876,0.0018830672892234668,0.0019110735169902441,-0.0009830129711030761,0.001484798933469419,0.002239019055889021,0.0004813311949469158,0.0013912511310399704,0.00226900459975989,0.0006556972574239434,0.0015896637265465196,0.002249189279934975,-0.0009055997827481813,0.0013258609635750788,0.0011819164481024272,0.0007009806824659774,0.000547249289724083,0.001634170204557334,0.0015203527028197106,1.0929834518506351e-05,0.0008032397890871219
HEROMOTOCO.NS,0.0022668127053068164,0.0026031573987501592,0.0028103265921830783,0.0015202015316540373,0.0013175051850366115,0.0026361094366096557,0.0007655989598631611,0.002043936961750767,0.0019939209916839877,0.002088103527574883,0.002981621365811157,0.0005334923803991964,0.0005375734913574001,-0.00014541568070290212,0.0018487279417265,0.002236924537260974,0.0006015445490872002,0.0014835612014847076,0.004495052956548163,0.002999498958851683,0.0016927373545401949,0.001207518893396151,0.0017462802100422247,-7.162214966247082e-05,0.001427762908370031,0.0015233290196033226,0.0021403028890513813,-0.001689658344215363,0.0020823233361297877,0.0029952744984609848,0.0003204574471566476,0.0012901727755383824,0.0015299675958455623,0.0008495427015574651,0.0007283810745280949,0.0013952161138796504,-0.0011515440812148855,0.0015129518957119788,0.0011792759987968812,0.0008212654361677347,0.0004070473376447581,0.0028831570005123522,0.0019031781326989052,0.00039527080274107264,0.0013362331680795347
HINDALCO.NS,0.00334819882128354,0.004221291751745348,0.003885588086027052,0.0010187041579283647,0.003025846742633301,0.0027720268880902766,0.002041854504642934,0.0033884558855675137,0.005084076303613288,0.003767887403487862,0.002791460710759249,0.0018128943440277876,0.0024077548483536146,0.00035274083834960766,0.002324197509282929,0.0031056142812717165,0.00020385186460037733,0.0017595913943482652,0.002999498958851683,0.011034249643032703,0.0014146731867072557,0.003167026335299596,0.0022985979524859394,-0.0004893910714850475,0.00195924121351372,0.0023897683835292192,0.002502433649361348,8.162145178519615e-05,0.0011618334885912331,0.0020080272615257523,0.003436243154232467,0.004097227868369438,0.00600992185288398,0.0030508628949503886,0.0015769667957569208,0.004209631654659581,-4.652197071402291e-05,0.0031939544969924174,0.006204480528124077,0.0012229979207859058,0.0011202021062577817,0.0035221291493535783,0.009798884233736269,0.0006677152851564769,0.001372919492805358
HINDUNILVR.NS,0.001074671300733465,0.0017569271255197983,0.00127852869990936,0.0010318001232861277,0.0009908801127139996,0.0011785590269062958,0.000970287878085184,0.0014955328344794841,0.0016173895900116815,0.0010845570546862162,0.0012978191763755673,0.00020415051279687577,0.0002940733517192613,-0.0004048901049161525,0.0008140670698894096,0.0009396901227187001,0.00025260946377221865,0.0008037538387691734,0.0016927373545401949,0.0014146731867072557,0.0025491051990269285,0.0011877946831790416,0.00036141199583239404,-0.00019822728382231682,0.00078189973720059,0.0009368331391200634,0.0014053591799969014,-0.00015405030509181054,0.0019737321626102553,0.001711536801756884,0.00023453232801815422,0.000395287560594696,0.0018225722313812527,0.0003812013635827017,0.0011406276007218958,0.0011909425913566624,-0.000391132337152912,0.0009391565901255972,0.000724165967176706,0.0010663709132599569,0.00022887718874123428,0.0012448334517470318,0.0008588167936558314,0.000618225786452545,0.0004418725977490545
ICICIBANK.NS,0.002007318736300435,0.003915071621632529,0.0019870198046398726,0.0007846398728964779,0.0029855417875974473,0.001322564089456455,0.004035835409515017,0.0016214849130181176,0.004943240881979646,0.0025052092509392707,0.0017684088168602808,0.00042728566859036895,0.0015243981048514773,-0.00017130139051162497,0.001953450043014598,0.0016375927406935447,0.00019587632839631935,0.0017127865311257547,0.001207518893396151,0.003167026335299596,0.0011877946831790416,0.005942353833342513,0.001954292279844805,0.0005502782969590407,0.0021435705764346136,0.002071518457130685,0.0025960268881606643,-0.0008607343049831849,0.0008961374695265581,0.0023815793143166127,0.0014215856336450422,0.0022318391673027526,0.007154733548742111,0.0012980945155258486,0.001699959297799416,0.005042687876874109,-0.00033067668827933193,0.0028664871868853037,0.003766991427735082,0.0016483320809590456,0.0017900322169174167,0.0018617194273952702,0.003654959480147951,0.0008180945358353909,0.0006092974909984969
INDUSINDBK.NS,0.0025032740350209785,0.002594508706177822,0.0029225167822505044,0.002051876540043062,0.002080753181048731,0.0015130092979221562,0.003436684441873693,0.0017547068800267875,0.0033778143755902558,0.0018487177242038394,0.003208634593127712,0.00020077150928356696,0.0011335458491617146,-0.0005433939784957399,0.0016041382134562613,0.002287714264545353,0.0002508398421276951,0.0027559183795377185,0.0017462802100422247,0.0022985979524859394,0.00036141199583239404,0.001954292279844805,0.006534732367713746,0.0007309947145144135,0.0014341395565374913,0.0023565946672846586,0.001806753253068632,-0.0008557724776136046,0.0014942723385465988,0.003166468310332559,0.000970331159530104,0.00121624438190353,0.003499160391970533,0.0013868915583834045,0.002342880529780374,0.0029154505730881845,-9.839794773757272e-05,0.0014382488538772116,0.001172586678986403,0.000601049860115233,0.0005209512495960478,0.0019307371989125467,0.0017176665370843966,-0.0004737537679887013,0.002979838362355044
INFY.NS,0.0004482879129003216,-8.955711400715689e-05,0.00035247692217603,0.00048543039426689763,0.0006457168966641282,-0.000310955432785899,-0.0006461428126634779,-3.732345780834255e-05,-0.0002260588743179463,0.0007005931876764996,-0.0008775733974484997,0.00031705594930397913,-0.00035400326227321327,0.000983054338593744,-0.0001254371489055636,-0.0003242867845474203,0.0014373861677407845,0.0002713382654756953,-7.162214966247082e-05,-0.0004893910714850475,-0.00019822728382231682,0.0005502782969590407,0.0007309947145144135,0.0035731636941252203,0.0006310212156013092,0.0005539822934742167,-6.406557302643246e-05,0.0002892488928687612,-8.534895567706252e-05,-0.0004150170494788933,-0.00038958661793992203,-0.0004918634813826607,-0.0011727829818184955,-0.0003373657327323333,0.000864322423277201,0.00016509563324861915,0.0006687851839392708,5.015233343133918e-05,-0.0008123459023137975,0.0020588793275223985,0.0014879329239068809,0.0002133910479279366,-0.0012913887966699085,0.0015845636523241797,0.0001290198992308046
ITC.NS,0.0021316296266560408,0.0025329227996661436,0.0022022413794346085,0.0011458590554513832,0.0016670428509984701,0.0007991557153599427,0.002231872496355716,0.0001973626507431752,0.0023821875204899554,0.0020936754488785412,0.0010831735588534817,0.0002395393610106568,0.0007922291452745412,0.00018321874986916684,0.0009567105351327175,0.001589498358893918,0.0008719646293826873,0.0010505242127732876,0.001427762908370031,0.00195924121351372,0.00078189973720059,0.0021435705764346136,0.0014341395565374913,0.0006310212156013092,0.0034511269786127226,0.001373199707918096,0.0016213584604418214,-0.0007270077047544491,0.0016770741146780177,0.0013594178721678233,0.0010244156458280652,0.0008765041327915961,0.0025967970240043862,0.001275151097218765,0.00112400589660047,0.002254662197764934,-0.0006584843420478597,0.0016844704755255213,0.0015499217600255825,0.0015200450315456854,0.000967380851014497,0.0020483504235563874,0.001939841918412719,0.0007126901689494101,0.0001615755492664724
KOTAKBANK.NS,0.0016737710884761098,0.0031296865159354415,0.0015140061035809503,0.0013316215070120962,0.001495469683240441,0.0012181101112410675,0.0017615502028628263,0.0011951403479095047,0.0024761198416481897,0.0008831584247783885,0.001834525584371411,-3.700065106728143e-05,0.0012830724378206182,0.00016242035111001745,0.001139207342145231,0.00123435120885957,-0.00024707116995137255,0.0018830672892234668,0.0015233290196033226,0.0023897683835292192,0.0009368331391200634,0.002071518457130685,0.0023565946672846586,0.0005539822934742167,0.001373199707918096,0.003149844455971456,0.002239169836127169,-0.00035021434647131724,0.0013839529357840602,0.0015462531528296763,0.00045192639842241627,0.0014379772937234004,0.0024941291401882597,0.0009457580989843074,0.001014448524720058,0.002372021843830034,-0.0007237726278315779,0.0018349209760431652,0.0014576644469200992,0.0009528418579556083,0.00012873137838388633,0.001970966323175892,0.002187555109530148,-0.0004231776901154118,0.0002611195330460736
LT.NS,0.002733534083237509,0.003155804736195143,0.0025791216471481183,0.001210613423176337,0.0024852830840668616,0.0017386943576086996,0.0029572337613492164,0.0015312796098843988,0.004378325777108532,0.0022591748615679347,0.0026790319061822765,-0.00044290367829497474,0.0020127156934510596,-0.00011742639286127233,0.002020764544939786,0.002098092953345954,0.0001511059614607736,0.0019110735169902441,0.0021403028890513813,0.002502433649361348,0.0014053591799969014,0.0025960268881606643,0.001806753253068632,-6.406557302643246e-05,0.0016213584604418214,0.002239169836127169,0.004640559875146216,-0.000994602591142017,0.0022751801396494447,0.0025197497369122556,0.0009086968740380778,0.0018140208706985013,0.004256195295780076,0.001172878555263401,0.0011283528791881416,0.003354307543821026,-0.0011631635667466082,0.0024343619674522168,0.0006298897690321613,0.0009224788859147801,0.0007089420963497735,0.002618207701362652,0.0029103126155568004,0.00013989608129755837,0.000344567307749009
LUPIN.NS,7.500436712876558e-05,-0.0004480896512512912,-0.0005118578979232833,-0.0007506288824512927,-0.0007987513193776479,-0.0005421638656968022,-0.0018397772825760313,0.0005012073664996569,-0.00015402481573678026,7.935691760247704e-05,-0.0007336245484043809,0.0018474038703773215,0.0001493280285624759,0.0023308787279257503,-0.0013467131820966908,-0.00025350170974040116,0.0010023077334396946,-0.0009830129711030761,-0.001689658344215363,8.162145178519615e-05,-0.00015405030509181054,-0.0008607343049831849,-0.0008557724776136046,0.0002892488928687612,-0.0007270077047544491,-0.00035021434647131724,-0.000994602591142017,0.00745010079800151,-0.0002649850057733025,-0.0006201795391006903,-0.00046582233852466914,-7.305884049272056e-05,-0.00028782582617902023,-0.00069797839009549,-0.00012398681381523122,-0.0014618126576227267,0.00369891371663404,-0.0013409305658695118,-6.0877612065926845e-05,0.0014443823742578909,-0.0006465026749844101,4.192466788047127e-05,0.00047469208662077124,0.0012481284664330827,-4.3512253351784396e-05
M&M.NS,0.0018717945013771603,0.0017163123115532745,0.0017228950891850206,0.0014147039628225873,0.0017134295971385283,0.0014518944511690474,0.003059722446860391,0.0014137189360622754,0.0033927461515717884,0.00122841127283422,0.0023292610847852496,0.0004134394304350263,0.0016712024382604601,-0.0009775062962304002,0.0020838591877286707,0.0022136458445402764,0.0008670657723823602,0.001484798933469419,0.0020823233361297877,0.0011618334885912331,0.0019737321626102553,0.0008961374695265581,0.0014942723385465988,-8.534895567706252e-05,0.0016770741146780177,0.0013839529357840602,0.0022751801396494447,-0.0002649850057733025,0.004853908097414625,0.0025129046783973026,0.0007655121577368917,0.0013628977162205287,0.0035557713146310917,0.0011950038238636176,0.0014064286860964075,0.0022430157655877305,-0.000926846627052254,0.001602732251078366,0.00016523681018565663,0.001600371148893848,0.00036897144615433093,0.0019388745898545907,0.0007099944999124247,0.0006715791798479889,0.0007731506529718154
MARUTI.NS,0.00223093397824694,0.0030576507651051627,0.0025742889952837336,0.001809528703134994,0.002152835173271132,0.0027290060912007253,0.002281742169422561,0.001742097784732061,0.003978045430189157,0.0020641036469340925,0.004061801703201682,0.000682080552040846,0.0009536108522510296,8.606359852837985e-06,0.0026780962529714676,0.0024919619386752126,0.0005313682377886638,0.002239019055889021,0.0029952744984609848,0.0020080272615257523,0.001711536801756884,0.0023815793143166127,0.003166468310332559,-0.0004150170494788933,0.0013594178721678233,0.0015462531528296763,0.0025197497369122556,-0.0006201795391006903,0.0025129046783973026,0.0066287823699335904,0.0007905734456374691,0.002297359174026582,0.003987472934896059,0.000563424730869186,0.002101296196199064,0.002477515136806196,-0.0006552971723437246,0.0016570734464926243,0.0014926405613362313,0.001040453896103736,0.0010740594243151247,0.0024352338955381065,0.0017272870625986566,0.00044587323381237913,0.0023429721465563704
NTPC.NS,0.0012232317729675725,0.0010076777267724747,0.0013924534311820886,-0.000315082844618784,0.0011917471463805018,0.0008843670318421621,0.001389227506488146,0.0004136526738550808,0.0032445966224645506,0.0013569545799065432,0.0012726575408704816,0.0009309473359381965,0.0016604176428497808,-0.0003226006795464738,0.0017489958091107703,0.0013650125740927923,0.00010503078306681663,0.0004813311949469158,0.0003204574471566476,0.003436243154232467,0.00023453232801815422,0.0014215856336450422,0.000970331159530104,-0.00038958661793992203,0.0010244156458280652,0.00045192639842241627,0.0009086968740380778,-0.00046582233852466914,0.0007655121577368917,0.0007905734456374691,0.0036986417483033957,0.002323420417347531,0.00339688624849596,0.0021713396213695517,0.0006838370364171376,0.001859468890423799,0.0004257493238785008,0.0016970665975352094,0.0021625756989232837,0.0006258522488870627,0.0012662723767468598,0.0005972787808012798,0.003481518246253501,0.0004365121310590622,0.0005510954360261929
ONGC.NS,0.0018362920924480377,0.002840724767484648,0.0014620034815731192,7.029568828444403e-06,0.0021803662639677188,0.0024673297704184754,0.002349369158339233,0.0014371378693304449,0.004965321998033787,0.0017668322455245862,0.0035863153082050106,0.0015652889661768605,0.003025799554732978,0.0002451468969453085,0.0038170369199922297,0.002130436009228348,0.0006070453524206678,0.0013912511310399704,0.0012901727755383824,0.004097227868369438,0.000395287560594696,0.0022318391673027526,0.00121624438190353,-0.0004918634813826607,0.0008765041327915961,0.0014379772937234004,0.0018140208706985013,-7.305884049272056e-05,0.0013628977162205287,0.002297359174026582,0.002323420417347531,0.0060586708483831445,0.004579252305932808,0.0013642416687757424,0.0022333691229975048,0.0032192819674327026,0.00035823871217041686,0.001760489589040432,0.0037117659358017014,0.001341959757015505,0.0013925640219789317,0.0025785907609968653,0.004495200571677204,0.0007328643386658633,0.0003890354779446293
PNB.NS,0.004504083501698248,0.007923063829614415,0.004243993377567947,0.0024595422214162507,0.004406366172562449,0.0024421698928964084,0.013329717746458615,0.004248860820707132,0.011171824743786002,0.003377337308565808,0.004954417436210267,0.0022006435033145675,0.0029013399810289067,-0.0006401580980459259,0.004256239879494694,0.0035661804481330736,7.049014627259626e-05,0.00226900459975989,0.0015299675958455623,0.00600992185288398,0.0018225722313812527,0.007154733548742111,0.003499160391970533,-0.0011727829818184955,0.0025967970240043862,0.0024941291401882597,0.004256195295780076,-0.00028782582617902023,0.0035557713146310917,0.003987472934896059,0.00339688624849596,0.004579252305932808,0.023684033299945045,0.0033490344534086182,0.003916291006047363,0.010234859196779406,0.0009780078838668765,0.005027308531643918,0.0034002437407179495,0.0005949036875809565,0.0008561808497707435,0.0041664085548482836,0.006397269578032258,0.0007539079106958984,0.002817945217107545
POWERGRID.NS,0.0013372140105574496,0.0013497631670690846,0.00155105995597404,0.000719999804695048,0.0010872906963877522,0.00043597024076041203,0.0021463841550953553,0.00023376240062103484,0.002893882263244945,0.0013657493965516015,0.0011771024432652222,-1.4948858477508734e-05,0.0011434565803024165,-0.0006774316454412818,0.001003836418537397,0.0009352066082157457,0.0001993901947233644,0.0006556972574239434,0.0008495427015574651,0.0030508628949503886,0.0003812013635827017,0.0012980945155258486,0.0013868915583834045,-0.0003373657327323333,0.001275151097218765,0.0009457580989843074,0.001172878555263401,-0.00069797839009549,0.0011950038238636176,0.000563424730869186,0.0021713396213695517,0.0013642416687757424,0.0033490344534086182,0.0030600864759674187,-0.00010408993202545535,0.0019551774787754344,-0.0004349401140779453,0.0013435959443499018,0.0009926520060936674,5.459544086365263e-05,0.0002626401985235429,0.0009419764933285223,0.0025839399561584787,-5.974095170273983e-06,0.000430067055908282
RELIANCE.NS,0.002445395176183351,0.0023176797089175857,0.0025400688785235815,0.0013841054542244587,0.0021579407717567645,0.0020069758338162043,0.0019595137110158243,0.0022081329267142095,0.003728252355926555,0.0015736797496030705,0.002820527769804371,0.0013522634812689282,0.0012715571272715876,-8.19818304302595e-05,0.002257000013312271,0.0023446314413505145,0.0006873057115334853,0.0015896637265465196,0.0007283810745280949,0.0015769667957569208,0.0011406276007218958,0.001699959297799416,0.002342880529780374,0.000864322423277201,0.00112400589660047,0.001014448524720058,0.0011283528791881416,-0.00012398681381523122,0.0014064286860964075,0.002101296196199064,0.0006838370364171376,0.0022333691229975048,0.003916291006047363,-0.00010408993202545535,0.006027899083759311,0.0025726035425338257,0.0011175815791958474,0.001154767006958336,0.001679164134628309,0.0020724904123083122,0.0007581955910187472,0.0023568269920437087,0.0018011383704422126,0.0010116273766922245,0.001123279961784086
SBIN.NS,0.002772745373915245,0.004670854871266766,0.002603738244213228,0.0013999546914665788,0.0037919520434836615,0.0015335389354850773,0.007454273025217431,0.0025954973416823586,0.0065883123366390775,0.003173185769207347,0.002980215098014866,0.0009695293875442555,0.00223999485987195,-0.0006365567586596708,0.0026592785152283306,0.0024489168971000975,0.00011562445466252039,0.002249189279934975,0.0013952161138796504,0.004209631654659581,0.0011909425913566624,0.005042687876874109,0.0029154505730881845,0.00016509563324861915,0.002254662197764934,0.002372021843830034,0.003354307543821026,-0.0014618126576227267,0.0022430157655877305,0.002477515136806196,0.001859468890423799,0.0032192819674327026,0.010234859196779406,0.0019551774787754344,0.0025726035425338257,0.008218235701148281,-0.0006485349949264885,0.003489044647401081,0.002604756729085247,0.0011777129172560465,0.0008849611410066197,0.0026444506006157104,0.003662308169801436,0.0008169209501182331,0.0008799701837515864
SUNPHARMA.NS,0.0003150104993194702,-7.762009202793453e-06,0.0006420747827753393,-3.334274533085439e-05,2.8362268410399494e-05,0.0005487444269013325,-0.0010202187884841062,0.0009602234196016197,0.0015096269786753162,0.0009860618443076614,-0.0014896836253286566,0.0029294305736100143,-0.0003817236321554757,0.0027688057325372046,-0.0006513682082461906,0.00030775482704415135,0.0010612056538495782,-0.0009055997827481813,-0.0011515440812148855,-4.652197071402291e-05,-0.000391132337152912,-0.00033067668827933193,-9.839794773757272e-05,0.0006687851839392708,-0.0006584843420478597,-0.0007237726278315779,-0.0011631635667466082,0.00369891371663404,-0.000926846627052254,-0.0006552971723437246,0.0004257493238785008,0.00035823871217041686,0.0009780078838668765,-0.0004349401140779453,0.0011175815791958474,-0.0006485349949264885,0.00717451411772762,-0.0007486800360120908,0.0008157038477294318,0.001132515445553697,0.00022788349890791396,0.0004767801347571525,-2.9295907353072854e-05,9.094410863676082e-05,0.0013111165482623483
TATAPOWER.NS,0.0018411674939820062,0.003184156378131383,0.0019382137206039882,0.00045029961764073525,0.0017717292474820642,0.001742882742071696,0.0038511441016431027,0.0012961905242142376,0.003848659495061204,0.0013702093611079001,0.0006758677476630294,0.00026232446491420016,0.0012440779479611995,-0.0002337175228337775,0.0018826389476280351,0.0014703644695251562,-0.00032780139235399577,0.0013258609635750788,0.0015129518957119788,0.0031939544969924174,0.0009391565901255972,0.0028664871868853037,0.0014382488538772116,5.015233343133918e-05,0.0016844704755255213,0.0018349209760431652,0.0024343619674522168,-0.0013409305658695118,0.001602732251078366,0.0016570734464926243,0.0016970665975352094,0.001760489589040432,0.005027308531643918,0.0013435959443499018,0.001154767006958336,0.003489044647401081,-0.0007486800360120908,0.004826056107079668,0.0024794024056414682,0.0002774513972700835,0.0006882066082309438,0.0015203346500302591,0.0035629289719728073,-7.3351571041472e-05,0.0006370994512956871
TATASTEEL.NS,0.0015510329658627114,0.003699068092170904,0.0020380359929868183,-0.00035294953190798285,0.0017058766469800152,0.0017460122429073393,0.0006083783798722737,0.002508232287943175,0.0038010413989452963,0.0018472238269889498,0.001391898703131233,0.001676770239027372,0.0015605270935022122,-0.00031217626664272526,0.001719103006519646,0.0031377227570867426,-0.0007023321426124101,0.0011819164481024272,0.0011792759987968812,0.006204480528124077,0.000724165967176706,0.003766991427735082,0.001172586678986403,-0.0008123459023137975,0.0015499217600255825,0.0014576644469200992,0.0006298897690321613,-6.0877612065926845e-05,0.00016523681018565663,0.0014926405613362313,0.0021625756989232837,0.0037117659358017014,0.0034002437407179495,0.0009926520060936674,0.001679164134628309,0.002604756729085247,0.0008157038477294318,0.0024794024056414682,0.00872651874564035,0.0013601103057717225,0.0012813029578458274,0.0025675666897633015,0.007276818504945415,0.00039385617084618046,0.0010770258242358114
